2.000000 -273.581024 101.925568
2.000000 -277.417450 98.938728
1.269966 -59.055412 63.751972
1.350970 -53.120007 55.316765
1.358970 -57.626793 58.550346
1.346969 -62.866951 65.977951
1.384971 -49.079048 48.435680
1.383971 -61.972790 58.721203
1.426973 -40.734077 41.952969
1.406972 -57.208744 62.223171
1.426973 -49.946098 48.677238
1.399972 -50.303135 57.062984
1.513977 -48.988205 49.256954
1.430973 -41.732746 42.567493
1.430973 -65.864578 68.897873
1.449974 -48.797337 47.608070
1.457975 -69.328308 70.917290
1.466975 -57.855202 57.464363
1.461975 -64.054512 67.025284
1.509977 -68.376106 65.758949
1.503977 -52.982662 51.557579
1.383971 -56.890804 60.508469
1.426973 -56.158722 55.349911
1.410972 -54.237682 53.290943
1.451974 -65.187935 72.663437
1.446974 -49.016079 47.814079
1.402972 -61.762093 63.870983
1.380971 -59.336632 62.458031
1.460975 -58.036449 58.206493
1.411973 -53.504745 50.930626
1.394972 -53.340572 54.605518
1.365970 -58.379349 58.148151
1.347970 -63.439026 65.429810
1.341969 -53.497803 57.993484
1.340969 -56.740486 55.261826
1.381971 -50.690159 56.847401
1.344969 -42.866180 44.704548
1.346969 -27.669279 30.909508
1.377971 -57.535900 61.833824
1.391972 -50.757210 51.372425
1.363970 -68.367012 63.234596
1.364970 -67.649086 68.890427
1.383971 -61.571804 55.108101
1.392972 -52.880714 52.654373
1.362970 -73.781693 66.494225
1.414973 -60.055946 64.196533
1.435974 -58.917080 63.442379
1.378971 -76.453293 69.954048
1.430973 -49.202354 48.354515
