1.225964 -33.596390 -15.805025
1.251965 -63.408443 -32.802841
1.271966 -44.315853 -21.544172
1.341969 -85.130348 -45.494308
1.327969 -82.845024 -45.737598
1.340969 -91.410713 -47.175468
1.306968 -48.633553 -22.326996
1.360970 -31.567276 -12.998267
1.281966 -30.763273 -12.370842
1.313968 -18.873196 -6.932266
1.303967 -19.250109 -8.099364
1.341969 -21.464785 -8.772804
1.338969 -1.746167 -0.553997
1.300967 7.913325 2.575829
1.313968 -18.320393 -7.492970
1.341969 -22.291008 -8.612693
1.358970 -7.775386 -2.836157
1.289967 -9.707786 -3.203953
1.330969 -10.410281 -4.736328
1.320968 -1.248442 -0.368482
1.333969 -13.650652 -5.787299
1.320968 -23.975866 -10.109317
1.337969 22.509111 6.545790
1.334969 -29.850311 -11.469507
1.302967 -10.769858 -4.395774
1.277966 41.227982 13.024802
1.333969 -25.680870 -9.961621
1.243965 32.041306 10.388808
1.289967 33.205212 10.412876
1.294967 29.840454 10.100871
1.320968 -31.392839 -13.644927
1.319968 35.797157 12.032302
1.268966 46.213902 13.394876
1.338969 -31.935095 -12.198781
1.306968 -9.622684 -3.694954
1.277966 33.240932 9.903716
1.273966 17.463898 5.887907
1.271966 16.960442 6.032568
1.325969 -13.416391 -5.064248
1.344969 2.245657 0.571020
1.302967 12.956278 3.646538
1.290967 16.604273 5.793826
1.294967 19.130192 6.318064
1.265966 -12.383821 -4.268692
1.319968 10.484392 3.560918
1.310968 23.323336 6.855314
1.261966 44.505146 14.104122
1.310968 -37.493484 -16.489313
1.305968 -23.332792 -9.650680
1.251965 36.420826 11.811438
1.284967 33.222496 9.983665
1.319968 -3.015515 -0.983178
1.271966 49.038994 12.145610
1.264966 23.811501 8.107105
1.260965 52.361027 15.358688
1.236964 34.140144 10.603955
1.312968 4.970447 1.444929
1.289967 -3.573323 -1.588243
1.310968 0.345417 -0.041183
1.261966 46.643562 14.620893
1.242965 33.518585 11.127731
1.249965 14.265348 4.869466
