2.000000 -891.315674 -617.181091
2.000000 -225.015244 -660.438477
1.660984 -139.951172 -682.731934
2.000000 -494.006409 -627.107422
0.843955 -93.084770 31.721838
0.846955 -73.428596 33.677525
0.934954 -645.178528 -215.817169
2.000000 -494.108612 -592.862244
2.000000 -493.702698 -575.122192
1.745988 -619.750183 -639.663574
2.000000 -447.259155 -582.395386
0.885955 -816.276184 -165.634598
0.862955 -190.109238 59.655708
1.188962 2.515871 -1.490304
1.620982 152.723877 11.826629
1.620982 152.723877 11.826629
1.520978 -223.072418 -610.647705
1.625983 -258.495850 -628.697388
1.625983 -258.495850 -628.697388
1.237964 13.711162 -6.596441
1.217963 10.164721 -5.145320
1.208963 1.010616 -0.285921
1.247965 36.155396 -20.846876
1.225964 5.876679 -2.800471
1.201963 -2.429077 1.108673
1.215963 0.197159 -0.302221
1.229964 33.109917 -17.677164
1.186962 1.361547 -0.526109
1.206963 -9.600622 4.835790
1.227964 0.374028 0.121617
1.216963 13.032816 -6.791688
1.164961 -13.531460 6.214979
1.202963 -2.022968 0.630856
1.226964 24.330322 -12.484721
1.194962 4.963334 -2.665033
1.209963 3.914558 -1.846841
1.192962 1.641914 -1.130917
1.204963 14.394603 -8.104713
1.213963 41.230835 -22.121519
1.198963 30.069103 -15.038120
1.200963 9.998970 -4.628631
1.172961 -1.929470 0.571638
1.174961 -26.248291 12.226407
1.178962 -0.887857 0.512117
1.181962 5.404097 -2.438079
1.192962 20.643742 -10.389581
1.213963 -10.883807 5.347359
1.151960 -14.229451 7.726357
1.152960 -139.542709 44.799911
1.192962 -31.243513 15.126569
1.194962 -11.524664 5.111931
1.169961 -9.389900 4.467094
1.161961 -17.757765 9.433170
