2.000000 355.346863 91.405365
2.000000 367.552521 111.310806
2.000000 365.212128 96.659943
2.000000 358.099487 87.076347
2.000000 359.917694 88.195602
1.643983 -71.064445 -100.703178
1.648984 3.774138 3.413348
1.521978 17.569708 14.739399
1.474975 16.995605 14.469183
1.541979 14.610452 10.304323
1.553979 34.257092 29.089848
1.562980 43.782551 34.693699
1.630983 22.930260 17.078949
1.531978 45.559231 34.161655
1.592981 50.152538 42.173016
1.610982 36.623199 27.303734
1.670985 33.908348 23.579870
1.686985 35.103130 26.996634
1.593981 35.865017 29.967865
1.643983 36.768879 29.684208
1.741988 35.205494 29.835390
1.715987 46.149239 36.334736
1.554979 33.723347 27.396025
1.703986 35.038040 26.956659
1.669985 41.373024 34.984211
1.626983 38.227524 31.039291
1.592981 41.397308 32.969086
1.731987 40.645767 32.961132
1.686985 35.381134 30.037481
1.639983 40.210430 35.699871
1.604982 37.620052 33.925957
1.728987 37.032246 31.197836
1.661984 38.749863 30.816896
1.781990 21.518099 16.414633
1.651984 14.340168 11.371190
1.634983 15.595393 12.305075
1.638983 14.967257 11.637286
1.746988 25.157423 21.094093
1.691986 41.552181 36.873257
1.641983 13.904882 11.176895
1.652984 19.363007 16.276558
1.616982 17.601593 15.085689
1.679985 40.567188 35.838608
1.755989 29.007925 23.363729
