1.455975 45.086987 34.108742
1.479976 63.833347 41.238914
1.385971 59.794403 42.108257
1.573980 67.045845 46.748512
1.667984 66.833420 39.506214
1.458975 51.355629 32.504963
1.560979 44.757286 31.647385
1.447974 63.660950 41.716839
1.538978 48.527561 33.963345
1.507977 60.377247 39.844635
1.458975 70.057640 47.045956
1.524978 69.569016 45.549007
1.523978 50.269760 39.247509
1.580980 23.073715 17.304731
1.555979 54.109348 40.503235
1.547979 53.367680 41.894756
1.580980 21.385489 15.827139
1.515977 36.303257 26.505795
1.444974 46.955666 37.544159
1.498977 58.452839 42.945663
1.766989 45.704575 29.727631
1.477976 24.937988 19.515184
1.533978 26.647854 20.627127
1.405972 55.926018 44.365925
1.516977 29.546209 24.493143
1.553979 35.006565 27.056215
1.569980 39.096859 31.157824
1.631983 73.622635 48.030960
1.543979 58.468605 46.206589
1.559979 35.609608 26.095987
1.493976 18.509430 15.074660
1.516977 27.014193 19.400520
1.487976 13.909538 11.621683
1.554979 23.350058 17.259577
1.447974 8.417116 6.466496
1.848993 70.555367 41.131695
1.582981 35.272987 25.349987
1.554979 46.939568 31.638384
1.503977 20.928082 15.241951
1.494976 16.223005 12.184503
1.580980 34.969460 26.250635
1.588981 29.271862 22.787481
1.568980 37.941746 28.685698
1.607982 49.356472 35.391430
1.545979 44.150185 34.378174
1.700986 33.782143 25.030193
1.592981 64.540939 45.045876
1.597981 58.306881 44.882225
1.547979 17.352142 13.640981
1.582981 35.272640 25.350277
