1.219964 -44.293449 42.773956
1.613982 -226.900452 192.613144
1.614982 -239.676224 205.375214
1.650984 -231.038559 199.517471
1.735988 -232.062057 187.490158
1.670985 -253.368668 206.283035
1.834992 -229.111160 175.701660
1.834992 -229.111160 175.701660
1.243965 -51.407841 105.068893
1.313968 -50.674889 100.654282
1.309968 -45.284668 93.437088
1.254965 -47.864075 97.737564
1.261966 -51.911472 102.938568
1.269966 -55.015816 107.244469
1.280966 -44.657375 98.650879
1.280966 -41.036617 91.193748
1.322968 -39.414967 78.787170
1.350970 -54.087944 110.637718
1.368971 -46.228481 101.216942
1.345969 -50.192318 102.821884
1.343969 -56.200356 111.155235
1.352970 -53.987888 105.363861
1.306968 -40.840401 89.199600
1.433974 -43.473434 92.143997
1.269966 -51.897160 99.459526
1.320968 -54.898422 112.958504
1.283967 -52.713985 96.973930
1.353970 -55.812660 106.828423
1.270966 -46.252697 92.038925
1.287967 -60.093281 120.843216
1.307968 -51.360130 111.050819
1.348970 -58.203976 110.019638
1.364970 -51.491096 102.486542
1.329969 -46.671005 95.882561
1.366970 -54.128376 103.825287
1.307968 -48.970272 99.632042
1.295967 -58.731079 116.239174
1.272966 -59.192642 119.779686
1.336969 -46.191833 94.943611
1.301967 -57.351406 117.392410
1.298967 -58.817760 114.135307
1.277966 -43.342163 93.856300
1.345969 -37.575092 70.159241
