1.483976 -6.056523 -3.308456
1.179962 61.937527 23.481789
1.200963 -46.811829 -27.238079
1.206963 -12.484534 -6.184424
1.206963 -12.484534 -6.184424
1.166961 58.307739 24.013710
1.074957 21.657856 10.086473
1.196962 68.730019 25.239817
1.176962 74.271484 24.212826
1.156961 80.521400 30.134541
1.158961 84.988472 29.657841
1.177962 53.748425 21.886744
1.176962 89.130608 31.171350
1.184962 -22.126787 -11.400606
1.218964 -37.311825 -20.003433
1.164961 83.123146 31.303194
1.211963 49.427361 20.390360
1.209963 -16.760447 -7.927021
1.241965 19.069363 7.584002
1.196962 64.005287 23.942732
1.200963 47.145882 18.729828
1.245965 1.766999 0.649634
1.241965 -2.758198 -1.060340
1.228964 43.439312 19.062967
1.231964 -39.188354 -21.302340
1.235964 0.279028 0.140276
1.227964 58.823502 22.911509
1.285967 -29.994251 -15.480609
1.189962 63.800976 24.016304
1.262966 -24.051134 -12.544269
1.186962 42.181866 17.450626
1.282966 -30.226677 -15.513010
1.182962 30.003059 12.177231
1.229964 -16.809566 -8.143165
1.392972 33.509686 13.497354
1.222964 49.284836 18.832926
1.187962 30.407854 12.200212
1.232964 44.009388 18.591328
1.202963 36.959454 14.332089
1.226964 48.355003 16.981592
1.243965 7.865983 4.014535
1.177962 59.721966 23.085100
1.239964 12.988699 5.448839
1.229964 39.976517 15.468980
1.251965 3.838867 1.707763
1.225964 38.913059 16.147451
1.224964 23.821568 10.128178
1.251965 20.223957 8.812763
1.272966 12.337397 5.444106
1.272966 12.337397 5.444106
1.225964 39.011303 16.147324
1.283967 10.483905 4.464839
1.263966 -23.750937 -13.102089
1.298967 20.508736 9.140698
1.232964 -38.877026 -21.864069
1.248965 21.263927 8.727407
1.246965 14.893595 6.320598
1.250965 -14.553374 -7.507991
1.204963 80.269234 30.074051
