1.616982 -136.133224 -21.562834
1.640983 -143.467422 -21.832747
1.598981 -129.431152 -18.805937
1.593981 -142.923218 -29.458918
1.641983 -132.864624 -16.585709
1.498977 -49.020023 -1.164207
1.509977 -34.920143 2.200824
1.535978 -28.844751 -0.031186
1.514977 -31.598215 -0.322964
1.470975 -33.869122 0.647298
1.414973 -42.080158 3.322580
1.388971 -47.943096 2.917287
1.439974 -12.670616 1.461638
1.410972 -59.541878 2.664891
1.378971 -53.331432 5.451443
1.384971 -48.789696 1.627696
1.427973 -39.710548 3.259054
1.419973 -59.039364 2.870465
1.389971 -39.590630 4.601474
1.431973 -44.550632 1.081731
1.465975 -44.713589 1.909880
1.448974 -58.616779 2.775821
1.461975 -45.891235 3.829746
1.366970 -54.584545 5.886585
1.461975 -61.096725 2.847526
1.449974 -56.548222 3.455967
1.441974 -44.492889 3.496105
1.485976 -27.784548 2.506761
1.407972 -26.802824 1.405034
1.435974 -15.613759 0.879571
1.443974 -54.510586 2.664559
1.471975 -52.641121 2.947599
1.417973 -16.683741 0.639103
1.437974 -30.291538 2.243546
