1.500977 -473.722626 7.649273
1.536978 -475.585693 6.419331
1.536978 -475.585693 6.419331
1.507977 -69.620941 59.128048
1.489976 -74.309280 61.878407
1.452974 -57.258587 46.613148
1.498977 -69.679550 59.353455
1.450974 -70.887764 59.293278
1.426973 -66.199547 55.534443
1.315968 -29.417189 30.667088
1.307968 -35.703358 35.758900
1.329969 -25.075071 25.326340
1.355970 -18.999935 18.464119
1.221964 -30.505369 31.816034
1.259965 -20.095116 21.436041
1.237964 -16.672867 16.126925
1.235964 -14.441220 16.972839
1.221964 -22.795418 25.617636
1.265966 -7.142029 7.580359
1.299967 -9.219457 8.905034
1.282966 -16.682055 16.190382
1.253965 -29.049152 27.614864
1.230964 -22.513567 21.249790
1.197963 -10.606237 10.088850
1.235964 -24.121096 24.325535
1.238964 -25.538301 25.767233
1.249965 -27.641863 26.049063
1.208963 -32.042061 31.026266
1.195962 -36.189552 34.517490
1.205963 -21.525618 21.267426
1.258965 -34.761841 32.165936
1.268966 -26.996735 25.500502
1.244965 -24.516911 23.033476
1.216963 -16.995209 17.510719
1.231964 -22.878532 26.081841
1.223964 -16.774832 17.258486
1.214963 -27.979151 31.144985
1.270966 -39.375969 39.684517
1.266966 -28.553072 26.674356
1.223964 -26.835188 28.249815
1.241965 -30.072021 27.127659
1.251965 -39.046089 38.980881
1.219964 -44.293449 42.773956
