2.000000 -43.444462 41.566528
2.000000 -25.603235 59.835854
2.000000 -27.558708 42.640739
2.000000 -25.153263 37.066212
2.000000 -32.432529 45.363960
2.000000 -8.327369 43.320221
2.000000 -33.344185 54.473972
2.000000 -24.563311 54.702606
2.000000 -17.361761 67.492561
2.000000 -29.471281 51.996582
2.000000 -14.773741 49.069180
2.000000 -22.880342 81.514999
2.000000 -26.621273 54.806488
2.000000 -25.627560 61.203430
2.000000 -25.802677 60.016857
2.000000 -11.377960 51.321365
2.000000 -1.865127 62.689835
2.000000 -26.698174 50.358402
2.000000 -17.458992 57.868309
2.000000 -42.988804 47.100803
2.000000 -23.937841 59.107422
2.000000 -18.158012 47.645203
2.000000 -41.530716 57.148029
2.000000 -16.657413 71.280647
2.000000 -6.912810 52.840538
2.000000 -24.295763 80.350800
2.000000 -39.437469 53.154808
2.000000 -15.343576 69.838943
2.000000 -5.237432 49.327305
2.000000 -18.893602 60.992172
2.000000 -29.226978 54.186153
2.000000 -20.592642 46.705250
2.000000 -17.108646 55.400311
2.000000 -15.079970 50.226208
2.000000 -16.179647 56.332256
2.000000 -15.950274 64.501450
2.000000 -30.343357 45.984665
2.000000 -42.884048 48.307377
2.000000 -10.213083 50.169182
2.000000 -31.645042 51.550762
2.000000 -23.366457 28.134104
2.000000 -31.759928 62.060200
2.000000 -22.978159 60.353077
2.000000 -9.751571 47.452229
2.000000 -4.685364 46.951405
2.000000 -14.950767 41.532787
2.000000 -11.159667 37.346134
2.000000 -16.721619 41.848656
2.000000 -26.925964 43.589031
2.000000 -9.572977 51.010677
2.000000 -14.336220 64.320892
2.000000 -9.404297 66.847511
2.000000 -13.074545 43.608303
2.000000 -8.629008 47.427063
2.000000 -3.699431 48.948532
2.000000 -23.762312 34.916225
2.000000 -18.805281 63.078011
2.000000 -19.098446 47.461693
2.000000 -6.821263 46.433403
2.000000 -28.817831 45.105553
2.000000 -26.316261 62.460129
2.000000 -18.310539 71.110817
2.000000 -28.484869 40.938759
2.000000 -27.855356 48.149689
2.000000 -33.202332 68.839844
2.000000 -8.670562 57.001770
2.000000 -9.451220 70.035774
2.000000 -29.158571 60.429970
2.000000 -31.154270 62.199673
2.000000 -19.925224 63.575760
2.000000 -28.457970 44.717972
2.000000 -16.716131 74.761864
2.000000 -34.088867 63.935360
2.000000 -19.868176 63.913265
2.000000 8.537081 70.077316
2.000000 -26.211927 64.246140
2.000000 -33.761654 70.823196
2.000000 -27.545835 59.113350
2.000000 7.544431 79.821976
2.000000 -36.066528 51.520412
2.000000 -21.134272 72.101929
2.000000 -18.776106 80.810600
2.000000 -42.951637 57.896286
2.000000 -41.775288 65.177475
