0.724957 87.885162 -71.281303
0.709957 45.446598 -30.198105
0.700957 64.009285 -48.579056
0.989953 -106.803299 48.203827
0.971954 -123.522293 54.009289
0.991953 -130.358521 58.026447
0.971954 -79.161819 36.836132
0.971954 -79.161819 36.836132
1.025954 -58.367821 28.535234
1.038955 -21.927101 13.048573
1.028955 -20.549459 12.322408
1.038955 -33.366592 19.063490
1.052956 -44.847576 22.762508
1.033955 -19.790112 11.010629
1.047956 -58.058075 29.955250
1.047956 -32.747311 17.781528
1.046955 -43.817165 24.436354
1.032955 -37.819176 20.055613
1.023954 -29.323185 16.205210
1.015954 -40.746605 21.899778
0.992953 -44.791855 25.473415
1.011954 -17.923481 9.449020
0.802956 -51.211456 28.447088
0.957954 -93.826126 46.283875
0.939954 -56.425968 28.176046
0.955954 -88.055199 44.094200
0.942954 -77.890518 38.260788
0.952954 -86.903976 42.817619
0.952954 -86.903976 42.817619
0.952954 -86.903976 42.817619
0.952954 -86.903976 42.817619
0.952954 -86.903976 42.817619
0.952954 -86.903976 42.817619
0.952954 -86.903976 42.817619
0.952954 -86.903976 42.817619
0.952954 -86.903976 42.817619
0.952954 -86.903976 42.817619
0.952954 -86.903976 42.817619
0.952954 -86.903976 42.817619
0.952954 -86.903976 42.817619
0.952954 -86.903976 42.817619
0.924954 -334.487244 -554.818787
0.990953 -1054.831421 47.162266
0.990953 -1054.831421 47.162266
0.990953 -1054.831421 47.162266
0.843955 204.527878 -479.697968
0.997953 167.457687 -611.932251
0.785956 210.368958 -13.146544
0.880955 182.470535 -0.062979
0.991953 171.707916 2.885516
0.892955 91.426880 -8.766679
1.407972 177.072800 -82.051971
1.407972 177.072800 -82.051971
1.407972 177.072800 -82.051971
1.407972 177.072800 -82.051971
1.407972 177.072800 -82.051971
1.407972 177.072800 -82.051971
1.407972 177.072800 -82.051971
1.407972 177.072800 -82.051971
2.000000 -763.331116 -495.815430
2.000000 117.118683 -401.403809
1.374971 150.205536 -40.595329
1.374971 150.205536 -40.595329
0.816956 191.766693 -243.740250
0.784956 75.188889 -65.677299
0.822956 212.107086 -314.194427
0.673958 90.736092 -115.360115
0.763956 78.219536 -59.946938
0.803956 66.227600 -51.360020
0.634958 115.531715 -76.413025
0.753956 31.845861 -22.351616
0.749957 49.812347 -37.242752
0.704957 15.560819 -9.657224
0.696957 -27.302597 15.671873
0.695957 -48.812729 26.422548
0.682957 -53.522240 26.802536
0.700957 -23.489740 13.306343
0.700957 -23.489740 13.306343
0.688957 -44.437187 26.918831
0.717957 16.323732 -12.185300
0.701957 -23.850489 13.866762
0.701957 -23.850489 13.866762
1.064956 21.684677 -15.473730
2.000000 -791.939392 -273.033813
1.161961 -11.615060 7.117431
1.158961 30.126797 -20.614344
1.183962 25.511518 -16.967352
1.177962 30.610817 -21.724207
1.171961 11.776700 -6.854105
1.176962 23.444595 -15.445466
1.169961 11.568283 -7.719414
1.152960 12.125824 -8.128386
1.148960 -3.253521 2.223099
1.171961 11.246011 -7.044252
1.139960 9.885440 -6.473968
1.179962 8.959424 -6.297235
1.167961 28.200615 -17.944656
1.177962 1.713592 -1.240698
1.106958 -511.934357 -162.046906
1.169961 24.311745 -16.778603
1.115959 8.037921 -4.927045
1.106958 5.862381 -4.051189
1.167961 20.283556 -13.955235
1.139960 -11.057396 7.214757
1.163961 22.977222 -16.367973
1.147960 6.022511 -4.339473
1.150960 -5.722958 3.588691
1.161961 29.169317 -20.708412
1.153960 5.845736 -4.185100
1.115959 8.036873 -4.926655
1.143960 0.030488 -0.107062
1.145960 35.232460 -24.932951
1.147960 37.476471 -26.544556
1.161961 15.852460 -10.322835
1.152960 -0.286337 -0.165507
1.142960 19.492344 -13.810985
1.134960 16.919889 -10.680211
1.130959 8.605359 -5.936084
1.155961 -12.108111 6.729765
1.121959 14.542119 -9.346535
1.282966 -68.834778 36.733223
1.098958 -23.843290 13.448215
1.155961 25.244226 -16.975027
1.126959 4.682997 -2.647215
1.135960 -8.243314 5.151844
1.108958 9.097737 -5.477205
1.101958 -3.685296 2.236556
1.101958 -3.685296 2.236556
0.955954 -32.177540 19.977814
0.951954 2.071167 -1.404965
0.961954 -34.148293 20.271748
0.943954 -24.757002 14.852343
0.967954 -11.029858 6.856505
0.947954 -31.369709 18.059343
0.980954 1.770115 -1.080929
1.117959 11.285016 -7.330109
1.126959 6.897030 -5.013529
1.127959 7.008994 -4.371235
1.123959 13.727678 -9.418417
1.120959 30.167549 -21.092180
1.145960 14.138657 -9.140314
1.127959 -9.332776 5.006979
1.137960 -14.222354 8.854187
1.110958 7.942363 -5.293940
1.142960 -9.963089 5.451007
1.118959 12.039244 -6.843106
1.119959 12.092721 -7.739959
1.120959 4.543085 -2.874550
1.169961 0.794133 -0.430603
