1.163961 -78.276215 -0.583539
1.175961 -72.549507 0.210436
1.202963 -58.272511 5.348845
1.188962 -42.663338 0.934204
1.188962 -38.155415 1.796908
1.188962 -30.659012 1.261265
1.215963 -23.797373 2.790963
1.214963 -27.931700 1.148120
1.184962 -12.426806 0.566069
1.172961 -41.227970 3.118242
1.198963 1.401503 -0.341380
1.217963 -22.060995 2.115992
1.209963 -10.474015 0.973517
1.208963 -10.809324 0.925169
1.226964 -5.638174 0.739321
1.207963 -18.906675 1.201528
1.200963 -13.024028 0.602262
1.180962 -5.414969 0.553907
1.191962 -7.393888 0.770482
1.207963 -12.760260 1.465438
1.213963 -0.469151 -0.097359
1.232964 4.992066 -0.427701
1.211963 2.633122 -0.094763
1.231964 -31.975302 4.143857
1.207963 -24.970619 2.380502
1.207963 -18.168755 2.465138
1.208963 -9.240685 0.874260
1.219964 -19.597002 2.107996
1.192962 -42.260132 5.072231
1.191962 -4.438436 0.076158
1.222964 -0.747453 0.102261
1.189962 -5.788398 0.261172
1.177962 -21.952528 2.424692
1.220964 -17.603361 1.786699
1.194962 -5.037304 0.645786
1.207963 18.870100 -1.665641
1.198963 -5.176714 0.547199
1.229964 -36.714817 2.885381
1.161961 -3.128122 0.364556
1.200963 -19.530096 1.486731
1.208963 10.998433 -0.945703
1.179962 -23.099304 1.161062
1.221964 -0.584519 0.161927
1.216963 -21.166735 2.280972
1.196962 -15.046108 1.032471
1.197963 1.919112 -0.273895
1.220964 -4.155838 0.290234
1.172961 -10.571372 1.083007
1.216963 -22.711136 2.200625
1.220964 -28.646091 2.441052
1.223964 14.359786 -1.373749
1.172961 4.765605 -0.694279
1.172961 -23.110537 1.628643
1.166961 -14.587361 1.242293
1.172961 -18.584160 1.782374
1.192962 12.081965 -1.138942
1.134960 3.897593 -0.986454
1.200963 -23.500502 2.883777
1.195962 -6.248033 0.392232
1.195962 5.528853 -0.655530
1.196962 10.182069 -1.223959
1.202963 10.567582 -1.216185
1.212963 2.469944 0.053719
1.202963 10.411139 -0.753477
1.215963 -16.394659 1.423422
1.193962 -11.865218 0.982007
1.232964 -29.163763 2.629475
1.203963 5.580121 -0.329906
1.242965 -56.505398 4.733582
1.193962 -20.110853 1.206236
1.209963 -14.253574 0.835589
1.213963 -37.727879 4.303975
1.227964 0.919341 -0.332735
1.235964 -3.211475 0.154707
1.193962 -11.460115 1.304914
1.223964 9.493503 -0.804092
1.221964 -17.731550 1.690470
