0.500960 1035.414551 771.797852
2.000000 577.795471 154.695480
2.000000 563.335754 154.415909
2.000000 914.783508 -110.743645
2.000000 558.479492 -55.463997
2.000000 579.338501 149.777832
2.000000 596.314697 150.448807
2.000000 581.144714 172.131180
2.000000 597.319153 150.610504
2.000000 585.037598 159.509857
2.000000 588.571594 161.220337
2.000000 571.924988 176.027863
2.000000 569.424011 163.255630
2.000000 596.586731 156.746948
2.000000 582.716736 154.634506
2.000000 590.021118 159.078079
2.000000 561.098755 180.680603
2.000000 579.892212 137.720810
2.000000 588.354431 166.943604
2.000000 546.284302 158.052887
2.000000 573.876709 131.469391
2.000000 574.471741 177.400558
2.000000 560.646545 159.812668
2.000000 560.646545 159.812668
1.600981 95.181503 117.737663
1.570980 76.938339 89.504875
1.404972 77.214737 97.489128
1.412973 72.833397 94.388268
1.520978 77.685547 104.729958
1.624982 43.743385 74.664757
1.596981 42.841305 68.612511
1.605982 58.064503 91.545158
1.631983 46.323002 76.714119
1.641983 49.037773 79.641380
1.513977 59.483784 95.319443
1.505977 61.568764 96.012466
1.612982 67.821648 98.646935
1.589981 52.600983 72.208755
1.566980 52.561111 72.294579
1.631983 55.007027 86.220200
1.619982 48.417446 80.876129
1.627983 61.237434 85.096573
1.599981 52.906898 85.331543
1.660984 56.818359 87.416176
1.413973 57.516853 90.047173
1.569980 46.706726 73.917763
1.620982 41.393677 72.443054
1.599981 59.132320 101.207924
1.651984 46.323322 79.290909
1.534978 57.554504 97.504951
1.510977 49.573837 85.593597
1.599981 60.372635 92.501999
1.658984 50.389141 82.367813
1.606982 48.941010 69.050652
1.536978 54.730656 88.448189
1.702986 46.644356 77.287849
1.616982 48.873802 88.681671
1.582981 46.441387 73.443207
1.679985 50.888809 81.621552
