1.489976 35.665054 39.554829
2.000000 785.149841 179.715424
2.000000 716.534363 -288.438202
2.000000 700.412476 -274.352997
2.000000 696.512939 -290.747864
2.000000 701.214050 -288.755432
2.000000 687.998169 -277.753235
2.000000 685.173401 -275.274872
2.000000 714.361267 -303.662262
2.000000 702.848511 -307.773987
2.000000 681.688721 -313.311035
2.000000 681.688721 -313.311035
2.000000 681.688721 -313.311035
2.000000 681.688721 -313.311035
1.264966 36.551514 22.315372
1.271966 31.303772 21.721958
1.256965 38.439037 23.187218
1.307968 37.123226 27.905951
1.316968 15.818221 11.512817
1.329969 45.650032 30.489908
1.363970 4.848017 3.451230
1.327969 6.636196 4.816846
1.298967 22.090796 15.881008
1.360970 6.294096 4.766341
1.346969 12.255214 8.359679
1.305968 11.400402 7.935771
1.353970 6.237971 4.758428
1.318968 20.177464 13.207435
1.325969 19.204239 13.568217
1.343969 19.870678 14.478474
1.390972 -5.622233 -4.239017
1.357970 25.884302 18.255272
1.291967 -4.088772 -2.679376
