1.943997 296.598083 -156.240524
2.000000 312.398132 -164.727615
2.000000 337.405914 -165.712814
2.000000 319.547607 -165.239136
1.792990 -248.940414 -212.627197
1.398972 10.758962 1.506835
1.383971 23.389711 2.866379
1.360970 -9.462292 -1.508428
1.341969 18.290358 2.422175
1.371971 -11.704925 -3.020229
1.372971 -4.200439 -1.105918
1.424973 -10.201112 -1.961735
1.402972 -26.573298 -6.305422
1.392972 -19.146271 -3.262768
1.384971 -38.286030 -5.096109
1.382971 -36.101334 -7.100679
1.431973 -48.037487 -11.941280
1.365970 -33.851032 -6.854815
1.361970 -39.399464 -8.674389
1.330969 -8.950878 -1.686125
1.393972 -60.903324 -14.902743
1.399972 -32.145546 -6.519490
1.349970 -14.275603 -2.843144
1.409972 -30.390549 -6.338757
1.363970 -9.091312 -1.421755
1.394972 -35.871792 -7.299410
1.401972 -15.605968 -2.771273
