0.984954 -67.563072 51.360603
0.969954 -94.473305 65.403000
0.980954 -75.906425 59.675762
0.987953 -74.317955 56.268303
0.952954 -66.764618 55.374378
0.978954 -90.297043 59.764503
0.982954 -82.945038 65.526169
0.998953 -50.073483 37.493744
1.192962 9.954712 -9.883844
1.238964 0.342726 -0.191705
1.243965 4.543038 -4.688526
1.228964 4.044735 -3.410898
1.227964 3.790162 -4.281143
1.250965 -0.096126 0.092878
1.269966 -12.012918 11.328344
1.278966 3.279619 -3.384800
1.239964 -7.255159 6.752760
1.242965 18.729670 -19.692463
1.281966 5.277272 -4.931972
1.236964 19.480564 -19.332178
1.249965 25.192364 -25.458153
1.246965 11.412284 -11.202950
