1.639983 -31.805969 11.272813
1.696986 129.854767 -94.458565
1.680985 118.247528 -95.784950
1.638983 107.376183 -80.272781
1.245965 -28.225840 8.794928
1.245965 -27.289570 10.103683
1.297967 -27.203047 8.687437
1.294967 -27.775364 9.420018
1.257965 0.104737 0.202489
1.321968 11.860382 -4.933516
1.298967 6.627507 -2.793590
1.333969 1.307206 -0.341561
1.354970 -7.257153 2.715226
1.286967 -9.063591 3.557662
1.315968 -3.771226 1.534524
1.295967 -20.178354 7.919193
1.323968 -22.573120 7.323212
1.272966 -9.548287 4.053675
1.269966 -11.551088 4.645241
1.288967 -0.608723 0.341291
1.278966 -26.172482 9.690321
1.269966 -20.940748 7.931170
1.312968 3.526148 -1.112527
1.278966 -11.038704 4.257693
1.301967 -3.080254 1.225119
