2.000000 345.181366 81.887505
2.000000 342.095978 83.275421
2.000000 370.383209 53.135509
2.000000 372.116394 52.493412
2.000000 372.116394 52.493412
2.000000 -462.451752 454.476654
1.692986 -8.108714 -2.891680
1.709986 1.249264 0.387890
1.685985 -37.694740 -12.606856
1.571980 -3.416713 -1.472580
1.647984 -20.154188 -7.094135
1.636983 -27.479530 -8.414011
1.610982 -24.121960 -6.995264
1.579980 -28.007792 -9.152419
1.553979 -28.847643 -9.562941
1.693986 -28.365191 -8.370247
1.575980 -16.730520 -5.729794
1.510977 -12.048453 -3.845334
1.611982 -23.532446 -5.852614
1.600981 -5.871391 -1.777122
1.556979 -5.692412 -1.738198
1.574980 -32.824799 -8.797407
