1.106958 44.909916 -34.841164
1.095958 36.954826 -27.906374
1.092958 63.469345 -48.534180
1.095958 55.508186 -40.734737
1.100958 61.686466 -46.136044
1.123959 10.853714 -7.978982
1.152960 28.069345 -20.971018
1.158961 27.170761 -19.745106
1.129959 39.482967 -28.050348
1.160961 36.906525 -26.978088
1.150960 26.731436 -19.105013
1.146960 11.363494 -7.316843
1.170961 37.397987 -28.998833
1.165961 10.448465 -7.663120
1.133960 17.680769 -12.867673
1.166961 41.303490 -31.909946
1.172961 33.277756 -25.038322
1.157961 14.559363 -10.274336
1.171961 35.275936 -26.254559
1.194962 35.989975 -26.947611
1.161961 31.660543 -22.678909
