1.726987 -108.786697 104.861076
1.741988 -125.243492 113.682251
1.740988 -128.926559 115.511513
1.686985 -126.607224 117.167717
1.686985 -126.607224 117.167717
1.331969 -7.459125 10.961675
1.254965 -20.436438 30.287872
1.306968 -25.236341 33.531990
1.310968 -20.331141 28.429335
1.329969 -11.526344 16.739080
1.304968 -22.700348 33.452583
1.347970 -23.854662 36.125500
1.364970 -33.498638 46.955914
1.343969 -29.230616 41.938232
1.387971 -30.284519 39.969143
1.407972 -26.038895 35.182644
1.356970 -21.196198 31.584766
1.411973 -40.682240 51.703838
1.385971 -32.826199 42.771042
1.404972 -35.913254 48.329266
1.353970 -31.999743 46.930248
1.338969 -32.125164 46.001019
1.386971 -25.546337 34.742218
