2.000000 37.838951 244.479187
2.000000 3.657332 243.083130
2.000000 48.401463 259.811096
1.133960 -87.568176 34.095074
2.000000 11.174136 213.224182
2.000000 16.821972 232.375580
2.000000 16.821972 232.375580
2.000000 -28.548899 123.747322
1.525978 -70.682541 69.181061
1.787990 -84.137047 78.314133
1.901995 -80.997864 85.041542
1.896995 -61.539547 71.358841
1.819992 -70.075928 78.558357
1.653984 -81.227768 93.002838
2.000000 -47.319267 67.847328
2.000000 -57.334049 68.751724
1.773989 -77.835396 95.038551
2.000000 -69.587631 72.596581
1.794990 -58.750561 62.123455
1.917996 -62.027264 73.278526
1.794990 -46.719639 60.017265
2.000000 -44.486744 61.768936
1.933997 -49.264870 62.376823
1.873994 -71.969421 79.019829
1.891995 -75.428581 72.823746
1.672985 -92.222206 100.689926
2.000000 -70.428284 66.387016
