1.256965 215.071060 -153.718430
1.247965 249.280884 -168.629547
1.270966 232.204010 -143.381714
1.290967 218.221008 -137.527390
1.303967 254.380447 -189.168442
1.303967 254.380447 -189.168442
1.303967 254.380447 -189.168442
1.106958 3.637285 -1.231059
1.170961 -17.784931 3.801337
1.148960 -13.898021 3.977534
1.134960 -8.191061 1.630920
1.183962 -25.664875 6.147544
1.136960 -30.989395 7.511569
1.197963 7.200931 -2.149681
1.174961 15.546551 -4.782242
1.155961 -3.032356 1.075884
1.175961 9.054738 -2.228968
1.157961 -1.520972 0.545499
1.159961 -12.936355 3.721497
1.147960 23.458315 -5.296578
1.160961 -3.369021 0.623712
1.163961 3.523789 -0.808079
1.150960 -10.305600 2.612166
1.191962 5.291729 -1.801461
1.202963 -2.502337 0.691609
1.176962 -16.190861 4.376398
1.204963 9.216722 -2.964233
1.186962 -2.622321 0.976219
1.166961 6.623788 -1.731644
1.136960 -8.177754 1.685429
1.174961 5.309990 -0.863007
