1.506977 617.741455 -214.066101
1.549979 645.391907 -243.602859
1.440974 602.141296 -210.383286
1.471975 634.628052 -232.710770
2.000000 954.716003 14.636526
1.240965 -81.726997 -56.417610
1.150960 -43.884354 -24.849880
1.142960 -10.406789 -5.683739
1.178962 -41.246044 -22.408478
1.152960 -15.975969 -8.700239
1.177962 -42.875172 -25.937887
1.147960 -62.269512 -33.390011
1.196962 -63.663437 -40.813839
1.161961 -60.497757 -35.485909
1.185962 -43.247036 -25.944950
1.157961 -69.703079 -40.179844
1.151960 -87.189644 -55.226349
1.177962 -79.161079 -45.899311
1.186962 -76.028824 -45.764610
1.155961 -74.241837 -43.553104
1.207963 -39.086739 -21.975908
1.217963 -102.485466 -65.695671
1.148960 -39.606308 -23.860489
1.167961 -80.499756 -47.887951
1.167961 -52.202602 -29.393642
1.209963 -61.612427 -33.866982
1.769989 -147.436172 -106.854591
1.151960 -64.725502 -39.110535
1.170961 -83.653282 -49.328251
1.186962 -76.028328 -45.764774
1.163961 -67.741608 -38.167507
1.187962 -72.044998 -46.047981
1.177962 -72.484756 -45.335297
1.164961 -87.937340 -54.133167
1.205963 -62.433277 -34.471233
