1.961998 -330.750519 262.653046
2.000000 -311.540894 247.873505
1.993000 -302.618134 241.803375
1.845993 -305.929016 245.244263
2.000000 -290.322540 248.303894
2.000000 -306.395294 247.497223
1.410972 -92.251518 183.411072
1.409972 -75.301834 150.976410
1.327969 -81.647339 168.711319
1.410972 -76.090202 153.431671
1.322968 -53.917770 137.555389
1.434974 -52.685463 124.150879
1.389971 -56.690128 137.238846
1.374971 -59.564888 142.803253
1.393972 -41.982212 118.123459
1.308968 -47.625885 123.115440
1.387971 -65.331184 151.179672
1.442974 -59.496067 138.205933
1.384971 -50.993946 130.733505
1.444974 -54.366985 131.735626
1.426973 -64.742775 156.922974
1.355970 -45.557976 123.785477
1.341969 -54.132877 136.369446
1.411973 -54.540436 141.583908
