2.000000 317.990417 312.676453
2.000000 317.990417 312.676453
2.000000 317.990417 312.676453
2.000000 62.432571 100.619469
2.000000 63.868244 108.534416
2.000000 37.072044 67.852081
2.000000 47.107098 63.458447
2.000000 52.870247 64.215965
2.000000 36.843105 63.413826
2.000000 38.237869 62.706963
2.000000 36.406925 66.763329
2.000000 36.341095 66.728355
2.000000 39.199680 59.286137
2.000000 28.892626 57.145096
2.000000 10.203272 53.211357
2.000000 31.202131 42.322033
2.000000 20.436094 67.589462
2.000000 5.297897 60.154095
2.000000 8.865467 57.594498
2.000000 4.341454 61.738918
2.000000 0.048818 25.371017
2.000000 17.348213 56.865364
