1.323968 378.513794 -155.087875
1.382971 394.667023 -194.709412
1.355970 386.258667 -203.039383
1.397972 388.228760 -204.969818
1.277966 348.821289 -136.362289
1.142960 -34.962242 -4.427733
1.180962 -34.938557 -4.622618
1.180962 -45.579620 -4.239671
1.174961 -38.341202 -5.911060
1.181962 -45.285355 -6.117905
1.172961 -30.665539 -5.116738
1.191962 -42.748619 -3.623711
1.194962 -20.111338 -3.771136
1.199963 -35.596657 -5.430369
1.168961 -30.836866 -4.822384
1.179962 -53.761124 -7.911603
1.193962 -26.952829 -5.365027
1.224964 -36.176537 -6.016392
1.188962 -75.416183 -12.780869
1.175961 -33.103287 -4.532581
1.185962 -70.234962 -11.268487
1.185962 -32.788853 -4.961336
1.187962 -51.914955 -8.966305
1.162961 -75.187607 -16.289003
1.182962 -25.601366 -3.743842
1.190962 -41.976177 -6.940285
1.192962 -21.470135 -2.909046
1.178962 -40.707279 -7.620306
1.155961 -23.772867 -3.293001
