2.000000 -149.818100 195.096558
1.410972 14.698758 16.314447
1.410972 14.698758 16.314447
2.000000 464.381104 -47.278000
2.000000 460.104889 -36.807461
2.000000 448.655731 -52.361870
2.000000 442.203400 -35.699020
2.000000 467.179596 -32.173649
2.000000 484.945221 -24.805763
2.000000 448.511597 -40.938431
2.000000 469.178162 -31.116020
2.000000 1007.330994 459.113831
1.450974 29.681366 31.259861
1.424973 27.369791 29.624784
1.408972 22.673544 24.029631
1.476976 25.500042 28.002968
1.445974 13.102117 15.752848
1.536978 19.759354 19.855162
1.460975 19.597408 20.480551
1.500977 38.233517 39.983559
1.495976 27.623856 30.021315
1.489976 35.665054 39.554829
