2.000000 68.740273 -23.840620
2.000000 45.791592 -37.463589
2.000000 33.911354 -8.057615
2.000000 32.798363 -14.741274
2.000000 70.006302 -36.458996
2.000000 41.757164 -37.387875
1.464975 -52.191998 31.017031
1.506977 -43.690487 20.796116
1.412973 -46.725296 24.897205
1.469975 -21.822342 12.710802
1.441974 -14.796254 7.525222
1.412973 -14.084563 8.214505
1.561980 -26.219866 14.881698
1.546979 -43.702946 22.118910
1.506977 -32.658607 17.934271
1.534978 -29.176296 17.707371
1.559979 -33.317745 18.461985
1.444974 -32.945774 20.423840
1.573980 -28.746733 15.107796
1.520978 -49.449722 27.622942
1.532978 -26.690830 15.274289
1.542979 -38.903263 20.849339
1.573980 -31.742212 16.768650
1.540979 -26.828526 14.033785
1.467975 -41.221626 24.115152
