1.354970 83.850471 83.213776
1.363970 65.996880 71.529343
1.362970 85.579346 71.494751
1.407972 90.574081 79.692642
1.359970 92.049202 82.338753
1.477976 62.486359 63.798550
1.439974 69.056099 65.193924
1.397972 74.702553 71.414787
1.372971 78.531212 79.413109
1.396972 70.557930 69.097633
1.451974 80.561417 89.423157
1.430973 84.427788 86.508614
1.509977 62.383144 62.251881
1.343969 77.714996 82.317528
1.383971 68.207848 81.381279
1.431973 68.453506 71.928108
1.469975 63.939766 66.421684
1.358970 56.202770 60.703991
1.379971 60.666035 63.235661
1.290967 78.690926 85.921814
1.319968 79.957832 77.588158
1.349970 73.850670 84.230515
1.352970 79.723984 87.553040
1.364970 65.369415 68.991470
1.417973 69.984207 78.616272
1.414973 76.910698 77.873619
1.402972 64.814919 67.346878
1.475976 64.497292 62.210754
1.377971 63.083965 59.610413
1.394972 66.133148 64.291016
1.374971 80.448441 80.455391
1.319968 70.888000 72.978882
1.344969 77.639343 81.701302
1.456975 83.355675 86.341209
1.335969 73.005196 73.352356
1.439974 59.946377 59.481121
1.435974 64.115288 57.902611
1.447974 64.042450 59.947254
1.393972 72.380646 72.758965
1.416973 70.552032 74.829811
1.456975 82.544228 83.587372
1.183962 105.265862 90.654053
1.427973 79.704796 80.067436
1.394972 73.660553 70.982544
1.489976 76.054390 79.861809
1.430973 69.714584 75.174339
1.424973 64.717438 66.569496
1.520978 77.712387 68.509872
