1.218964 79.341782 25.693993
1.222964 58.546379 20.391451
1.240965 52.738068 18.579927
1.186962 -3.138423 -1.463731
1.197963 18.014544 8.085226
1.207963 53.605301 20.727077
1.207963 53.605301 20.727077
1.207963 53.605301 20.727077
1.202963 75.145096 28.743221
1.241965 19.860073 8.030069
1.255965 65.023621 20.560242
1.235964 25.923948 11.625226
1.202963 48.124374 20.245951
1.212963 35.659573 12.937729
1.218964 62.261234 24.322506
1.197963 41.548462 16.256054
1.232964 51.914745 20.630203
1.214963 29.771137 11.808344
1.201963 62.179768 22.932978
1.201963 62.179768 22.932978
1.201963 62.179768 22.932978
1.200963 33.221313 11.615520
1.205963 19.638588 9.302133
1.208963 12.573123 5.801784
1.208963 12.573123 5.801784
1.184962 47.022511 18.052494
1.215963 74.032990 26.509951
1.215963 74.032990 26.509951
1.202963 37.187794 12.660758
1.227964 25.258289 9.559927
1.187962 19.861773 8.177723
1.231964 38.140938 13.950894
1.202963 36.706535 13.235867
1.202963 36.706535 13.235867
1.235964 25.923729 11.625047
1.212963 13.673235 5.789847
1.212963 13.673235 5.789847
1.185962 22.160086 9.844117
1.202963 27.236040 11.349455
1.237964 25.444181 11.103117
1.190962 17.157743 6.424758
1.242965 18.464283 7.400796
1.367970 93.917404 30.463697
1.367970 93.917404 30.463697
