1.075957 69.134850 -42.279572
1.075957 69.134850 -42.279572
1.213963 59.082329 -36.342171
1.338969 77.605453 -48.461250
1.366970 52.045609 -31.559523
1.270966 34.719246 -20.593386
1.253965 38.950020 -21.283751
1.194962 36.091240 -17.806311
1.247965 17.172907 -8.559329
1.217963 15.050251 -7.063471
1.206963 25.026539 -11.975419
1.227964 50.805050 -27.626684
1.239964 40.649284 -21.299297
1.231964 49.973801 -27.824072
1.218964 46.615395 -24.753338
1.243965 62.987457 -35.314537
1.251965 50.002460 -28.624765
1.202963 49.803093 -25.319670
1.270966 37.195698 -20.459715
1.238964 40.066593 -22.032694
1.258965 34.705208 -18.397127
1.221964 46.257309 -24.274048
1.191962 42.767090 -21.757429
1.218964 35.067532 -19.610645
1.228964 52.171169 -29.858913
1.214963 42.385098 -24.758547
1.215963 34.258610 -17.458990
1.210963 35.210121 -20.111349
1.222964 43.447052 -24.982773
1.190962 62.499584 -33.807201
1.204963 17.599089 -8.719439
1.240965 49.299423 -27.099270
1.223964 37.615791 -20.278782
1.224964 38.667030 -21.928963
1.210963 27.511713 -14.516865
1.213963 26.616600 -13.242960
1.194962 26.795736 -14.431581
1.203963 38.588627 -22.641676
1.193962 25.744019 -14.020844
1.206963 17.067049 -9.333170
1.211963 19.753939 -10.705477
1.241965 29.387068 -14.866217
1.213963 23.107065 -11.725727
1.227964 28.271685 -16.239418
1.200963 21.872416 -9.713538
1.207963 23.426659 -13.216854
1.222964 21.302073 -11.532654
1.197963 13.815137 -7.073022
1.207963 -0.030840 -0.052987
1.184962 38.514400 -18.969990
1.165961 14.186258 -7.019677
1.192962 38.887794 -20.250666
