2.000000 -123.053062 147.870789
2.000000 -112.408051 148.068665
2.000000 -133.805832 122.106567
2.000000 -108.569420 148.051758
2.000000 -109.338852 91.167107
1.469975 -40.452023 54.346275
1.516977 -40.622311 53.759533
1.464975 -37.667126 52.245926
1.507977 -37.818478 50.131470
1.542979 -29.551777 41.346512
1.537978 -30.333366 42.152603
1.541979 -28.389238 42.179611
1.548979 -28.603226 41.473362
1.680985 -29.697874 37.848667
1.563980 -34.495270 49.265209
1.560979 -36.525146 50.176186
1.512977 -28.436481 43.393112
1.605982 -32.528538 41.757462
1.593981 -31.505066 40.859840
1.702986 -26.768513 34.050224
1.458975 -31.271654 41.102055
1.471975 -39.202915 51.066818
1.512977 -26.541836 33.928837
1.577980 -37.346481 50.822403
1.548979 -30.017515 35.353256
1.564980 -34.340420 48.350609
1.592981 -36.925209 52.789673
1.591981 -35.588684 49.944359
1.533978 -37.168755 50.586124
1.485976 -30.012182 44.895050
1.602981 -30.072115 39.086140
1.558979 -35.264595 48.752716
1.575980 -25.654095 32.928730
1.575980 -30.407064 44.066845
1.498977 -37.850422 53.569782
1.504977 -32.419262 47.965809
1.478976 -30.495960 42.792210
1.459975 -27.141451 36.709167
1.496976 -39.988125 55.535301
1.533978 -37.993172 57.445698
1.566980 -25.311674 33.070293
1.588981 -23.441282 30.947859
1.491976 -37.409660 54.163765
1.511977 -36.288128 54.950142
