1.013954 85.051559 33.534077
1.010954 124.233719 47.953411
1.005954 94.589928 41.411358
1.005954 94.589928 41.411358
1.057956 113.440765 46.267742
1.175961 22.058622 12.754479
1.145960 27.486916 14.639847
1.161961 42.249310 21.728773
1.143960 4.273535 2.059762
1.150960 1.902320 1.255703
1.150960 1.902997 1.255326
1.115959 16.439735 8.871273
1.168961 35.282352 17.939533
1.133960 28.379040 14.208998
1.133960 28.379040 14.208998
1.153960 36.142662 19.185297
1.164961 75.794731 37.742260
1.151960 2.285925 1.477430
1.130959 23.604809 11.646656
