2.000000 21.736814 147.712830
2.000000 35.874340 135.042282
2.000000 41.553879 146.848160
2.000000 52.511219 39.607536
2.000000 70.172714 61.854416
2.000000 91.902428 46.408390
2.000000 47.733601 34.139587
2.000000 -3.276988 45.873268
2.000000 45.924763 53.441494
2.000000 -20.331535 39.916645
2.000000 63.746883 11.860191
2.000000 58.234245 51.652248
2.000000 60.916069 51.048004
2.000000 61.224476 54.485924
2.000000 73.140213 52.794537
2.000000 72.412590 47.001278
2.000000 -7.056252 7.663194
2.000000 41.895634 68.483086
2.000000 68.414032 67.842278
2.000000 73.326057 64.151611
2.000000 72.878204 29.619486
2.000000 79.146332 62.880882
2.000000 39.692650 53.438519
2.000000 -50.547157 25.896578
2.000000 84.527222 15.023746
2.000000 73.929268 62.364037
2.000000 75.213913 60.169117
2.000000 61.635292 46.885986
2.000000 66.592987 53.232903
2.000000 54.707664 56.311848
2.000000 43.316387 45.397976
2.000000 89.919815 -5.928540
2.000000 61.896461 29.996756
2.000000 -18.616068 22.523409
2.000000 95.520882 10.978538
2.000000 -40.364399 28.365942
2.000000 64.723526 38.368908
2.000000 81.097496 61.493099
2.000000 55.539825 62.683689
2.000000 57.967785 58.482132
2.000000 55.742031 52.759434
2.000000 71.145317 49.550209
2.000000 33.247032 57.735897
