1.533978 -36.315052 74.947784
1.268966 72.165596 -5.584122
1.206963 94.120193 -9.789745
1.190962 58.848839 -3.245871
1.195962 40.125019 -1.884953
1.185962 40.640427 -2.222151
1.235964 -43.839272 -3.982085
1.204963 69.938499 -5.283198
1.203963 66.198486 -4.986527
1.202963 63.678711 -4.356507
1.241965 88.555344 -5.843809
1.198963 20.875927 0.219216
1.233964 84.514137 -6.380576
1.212963 11.554465 0.020543
1.221964 72.672867 -5.798526
1.246965 54.115925 -2.818748
1.233964 78.397392 -5.084573
1.225964 88.898613 -4.002484
1.236964 76.233757 -2.984649
1.215963 72.641121 -2.084409
1.205963 46.395412 -2.997709
1.253965 85.257797 -10.159874
1.228964 63.830662 -1.542228
1.218964 82.593559 -7.692164
1.204963 66.800919 -4.115935
1.234964 63.793468 -2.453812
