1.888995 -111.801292 149.038071
1.546979 -20.617971 66.343506
1.513977 -23.249119 71.829918
1.659984 -22.526037 61.614464
1.668985 -24.048870 65.460808
1.704986 -39.620937 96.640770
1.573980 -29.931213 78.618446
1.553979 -32.099045 82.053772
1.508977 -30.989153 84.668808
1.579980 -35.169514 86.582993
1.584981 -27.078516 62.221745
1.651984 -35.596828 77.720749
1.489976 -36.514320 94.615334
1.594981 -38.974560 94.942963
1.518978 -36.920078 95.842270
1.660984 -33.934544 79.406746
1.617982 -35.705097 79.648964
1.594981 -29.995872 69.527008
1.592981 -30.934057 80.011147
1.560979 -31.852886 70.005295
1.652984 -31.913734 72.356079
1.605982 -37.035866 81.187241
1.504977 -36.462738 94.671074
1.568980 -31.135391 78.994308
1.568980 -35.364937 90.346680
1.574980 -28.251215 75.330833
1.596981 -33.709507 82.390541
1.506977 -54.853817 129.897842
1.624982 -34.013161 75.167915
1.582981 -33.895679 87.841774
1.551979 -30.431551 82.723427
1.442974 -37.752781 96.242432
1.568980 -39.655113 101.716019
1.542979 -23.323572 56.263088
1.505977 -28.835106 81.025055
1.570980 -29.746195 81.111771
1.575980 -27.932232 65.231644
1.462975 -37.075371 95.553040
1.557979 -27.831333 74.210388
1.569980 -27.531992 65.808411
1.585981 -37.680874 93.418213
1.474975 -28.574284 68.865311
1.521978 -33.071133 83.687775
1.549979 -29.613043 78.272644
1.583981 -31.592419 79.786491
1.491976 -37.253113 95.732880
1.595981 -35.389065 86.936211
1.510977 -34.766953 90.894783
1.487976 -37.118298 82.427727
1.585981 -37.118961 93.152596
1.543979 -28.373880 62.811966
1.562980 -29.672949 68.640083
1.533978 -36.315052 74.947784
