1.216963 120.781494 78.734207
1.234964 122.299011 79.151230
1.235964 135.958786 82.143883
1.195962 144.709351 92.135689
1.222964 122.275803 74.848076
1.225964 111.894516 77.433716
1.231964 132.371368 76.534378
1.256965 136.989548 79.714958
1.243965 117.521271 75.177841
1.214963 131.500916 77.931900
1.226964 126.649971 84.891159
1.184962 130.395706 90.594719
1.184962 130.395706 90.594719
1.269966 77.412491 61.032669
1.066956 -18.471659 -20.293661
1.300967 64.394089 50.033710
1.295967 60.574478 48.984249
1.255965 72.692558 57.629230
1.301967 74.389175 60.496788
1.252965 66.666985 54.651871
1.294967 53.472927 42.235538
1.099958 7.407334 7.823697
1.279966 59.734657 45.791454
1.283967 68.593452 50.351482
1.263966 65.243065 51.947624
1.303967 50.559818 40.144260
1.296967 64.207062 51.338440
1.304968 55.937424 43.016998
1.296967 68.093056 51.687260
1.291967 51.082844 40.866501
1.288967 50.582966 42.295204
1.276966 62.975651 48.616982
1.293967 63.081409 56.970245
1.072957 3.871091 4.235404
1.072957 3.871091 4.235404
1.228964 72.041061 56.003059
1.297967 64.756447 52.467182
1.247965 71.847305 62.119480
1.263966 63.629318 52.996838
1.260965 74.622581 63.717602
1.261966 67.410141 56.893276
1.085957 -25.654024 -32.351994
1.243965 67.814224 57.815243
