1.317968 -74.387817 53.461842
1.351970 -103.168137 74.048866
1.440974 5.007264 -4.629529
1.320968 -103.909454 70.350143
1.325969 -123.036308 81.519638
1.306968 -95.132690 61.820118
1.267966 -113.941727 63.045788
1.298967 -101.418846 60.030540
1.309968 -109.354721 66.051308
1.261966 -94.416840 67.543663
1.285967 -113.760475 72.088997
1.261966 -100.797195 62.040634
1.239964 -112.915512 71.518303
1.299967 -126.690903 79.402489
1.222964 -120.420555 73.753189
1.222964 -120.420555 73.753189
1.436974 13.079023 -13.844604
1.421973 -5.084329 4.880746
1.414973 -2.069287 1.972478
1.374971 19.783590 -19.655426
1.389971 1.580830 -1.947671
1.426973 -0.152531 0.391092
1.378971 -7.567830 7.627347
1.365970 -6.996216 7.653762
1.412973 11.776404 -11.990497
1.356970 -4.849624 4.617431
1.392972 4.284137 -4.293889
1.390972 -0.239299 0.174408
1.366970 7.099819 -7.560889
1.372971 7.152730 -8.334644
1.400972 -0.652531 0.633774
1.414973 -3.434114 3.351615
1.362970 4.219799 -3.753842
1.391972 1.889842 -1.630523
1.380971 25.975805 -26.879913
1.405972 6.934779 -7.424348
1.439974 6.639509 -7.166794
1.362970 -1.039144 1.161895
1.399972 -10.789438 12.235327
1.377971 8.341918 -8.322359
1.422973 -24.305666 22.225224
1.409972 6.922784 -6.854584
1.397972 -20.140583 21.847010
1.340969 -3.424251 3.517526
1.443974 -32.643478 33.596493
1.423973 -3.932829 4.322820
1.426973 -2.850868 2.837301
1.374971 -4.569674 4.466762
1.358970 -6.539387 6.297362
1.379971 5.585779 -5.301610
1.440974 -1.037569 1.289604
1.402972 7.341868 -7.107513
1.414973 -5.919786 5.727715
1.352970 -8.440292 8.634512
1.375971 -1.209451 1.007340
1.376971 -4.811157 5.054133
1.404972 2.646257 -2.970222
1.349970 -7.966457 7.508897
