1.573980 94.327011 -19.896328
1.570980 92.665817 -16.684025
1.616982 100.729828 -17.307072
1.681985 99.857094 -23.676815
1.499977 74.771713 -8.829515
1.513977 45.669437 -4.482725
1.509977 38.865620 -3.741722
1.512977 56.270004 -6.641892
1.532978 52.385033 -6.355989
1.489976 57.633163 -6.582609
1.502977 44.908096 -4.903872
1.527978 55.400303 -3.448989
1.502977 54.475311 -5.846813
1.560979 38.531593 -4.492447
1.493976 47.441391 -4.272298
1.506977 38.378250 -3.530358
1.498977 57.561211 -6.544789
1.525978 24.551317 -2.829049
1.527978 67.826004 -6.602902
1.515977 54.621334 -5.968507
1.540979 56.546051 -2.764944
1.503977 77.177483 -5.257443
1.502977 69.531227 -7.589060
1.503977 47.612534 -5.758851
1.533978 55.259033 -3.296150
1.588981 57.679955 -4.673295
1.494976 38.927105 -3.812950
1.538978 57.209461 -2.412807
1.572980 58.387184 -3.951416
1.522978 58.430679 -2.778768
1.526978 61.247028 -7.719446
1.565980 78.872948 -5.948123
1.544979 61.877766 -2.766571
1.508977 28.292078 -1.427428
1.527978 41.865231 -1.185772
1.555979 38.891586 -2.083722
1.490976 45.921711 0.165330
1.515977 40.490738 -1.930053
1.523978 29.715002 -2.687095
1.509977 61.539768 -0.374301
1.498977 35.411087 -3.324629
1.493976 34.093620 -3.781993
1.462975 69.660530 -1.224643
