0.898955 12.793336 -7.804369
0.867955 -1.203905 0.700084
0.859955 11.684372 -6.774350
0.870955 -4.108418 2.379204
0.848955 3.445799 -1.669630
0.851955 5.763935 -3.808722
0.869955 -3.497302 1.583148
0.849955 -4.757086 2.513738
0.849955 -4.757086 2.513738
1.175961 62.915737 -43.727440
1.223964 57.410603 -36.067425
1.223964 20.107880 -11.769077
1.234964 48.989845 -32.222111
1.225964 57.711521 -42.704430
1.215963 58.180290 -37.169693
1.242965 39.698586 -27.298027
1.237964 30.612022 -19.483948
1.239964 51.019127 -33.878685
1.224964 41.571587 -28.924339
1.220964 26.198650 -16.451521
1.211963 29.640673 -19.425629
1.224964 38.231998 -25.467848
1.236964 53.900898 -36.951790
1.225964 30.408043 -20.497761
1.195962 36.403049 -22.651911
1.245965 45.974171 -29.073044
1.174961 47.870262 -31.302948
1.241965 49.792133 -34.921116
1.232964 53.682133 -37.636948
1.261966 57.200233 -40.551922
1.222964 54.221504 -34.073288
1.236964 58.203136 -38.305340
1.245965 34.344429 -23.523422
1.150960 -95.833458 38.801548
1.211963 27.370537 -17.899490
1.251965 38.812714 -26.883072
1.236964 58.203274 -38.305046
1.180962 47.167896 -30.237778
1.226964 37.961838 -24.295723
1.225964 49.810944 -35.237068
1.199963 30.094164 -19.620571
1.221964 32.018070 -23.220308
1.220964 53.945213 -36.142303
1.245965 -2.739827 1.825010
1.239964 52.283924 -35.978020
1.242965 32.478233 -22.048952
1.221964 48.554569 -31.856663
1.231964 56.326653 -37.884228
1.261966 53.213821 -35.469685
1.201963 72.214859 -49.784023
1.207963 61.315220 -40.841873
1.141960 97.866089 -78.747223
1.254965 34.463367 -23.613335
1.231964 50.911915 -32.059067
1.225964 49.810806 -35.236992
1.203963 27.249914 -17.818272
1.214963 29.939541 -19.113668
1.342969 12.943064 -8.501818
1.246965 18.623381 -11.502780
1.342969 91.879837 -69.524696
1.203963 27.249908 -17.818441
1.252965 34.681988 -22.751398
1.225964 25.113379 -14.846064
1.320968 52.472702 -37.176010
