1.345969 85.361061 135.388931
1.315968 78.095604 142.313858
1.328969 82.042130 133.741623
1.295967 86.205605 147.592819
1.299967 89.474365 136.451721
1.310968 91.712067 138.528336
1.368971 94.147186 145.516174
1.279966 95.880966 141.954971
1.315968 87.186501 135.232086
1.272966 90.172386 147.132156
1.333969 89.076012 128.994431
1.305968 92.060059 139.701462
1.346969 94.758392 144.581696
1.383971 87.238541 140.216583
1.297967 96.967430 142.027557
1.380971 87.060448 139.086914
1.397972 92.878036 148.122452
1.344969 93.902191 144.122269
1.333969 86.030067 135.678787
1.259965 41.698368 95.849838
1.277966 92.755508 139.445465
1.264966 86.402679 144.536377
1.183962 26.707088 81.598633
1.344969 72.587311 128.232040
1.307968 68.215157 133.589905
1.320968 72.700882 129.190369
1.263966 74.723770 140.504181
1.306968 69.930069 123.326988
1.276966 71.548401 123.405510
1.299967 83.377022 139.703934
1.276966 77.993584 142.454926
1.327969 83.204430 124.224106
1.087957 22.991924 68.161850
1.277966 77.277542 141.826538
1.292967 72.388000 124.632881
1.325969 79.601105 136.033875
1.314968 87.901337 143.133667
1.303967 72.272537 123.934250
1.327969 81.345551 137.201843
1.355970 80.711945 134.172058
1.320968 86.943497 141.639084
1.319968 90.190712 144.578735
1.280966 82.762260 134.909760
1.331969 96.787025 146.311615
1.297967 83.130371 139.521942
1.301967 83.065132 132.422684
1.364970 92.983017 144.634872
1.293967 78.783867 142.366623
1.298967 83.559837 133.492020
1.216963 82.921402 142.858505
1.241965 37.494514 89.655556
1.241965 37.494514 89.655556
1.295967 78.483513 129.395844
1.215963 75.890633 142.431961
1.272966 91.060196 149.832703
1.236964 41.375378 103.287605
1.369971 78.877449 129.169418
1.237964 78.380714 137.660797
1.199963 52.448597 110.262230
1.239964 80.047501 133.187027
1.302967 91.669373 138.096146
1.263966 81.199799 131.886963
1.346969 88.623848 141.131424
1.200963 81.170181 145.365219
1.294967 90.873817 148.010559
1.380971 90.816071 142.666428
1.328969 83.870720 146.699936
1.304968 85.174171 135.065506
1.122959 35.796223 85.773804
1.281966 87.397392 143.058624
