1.931997 59.981750 10.670402
1.938997 72.531685 14.327123
1.907996 85.882080 18.248787
1.644983 137.173508 31.324436
1.201963 125.172165 18.724653
1.247965 57.178925 16.441248
1.286967 37.712879 14.427374
1.314968 53.540051 18.213959
1.466975 77.853928 26.366201
1.416973 60.517658 18.536615
1.445974 63.889671 19.779139
1.433974 57.180355 20.299849
1.508977 48.655258 14.058341
1.488976 47.828819 16.359892
1.583981 51.046898 16.784409
1.486976 61.208439 19.708614
1.524978 70.216888 26.127119
1.518978 61.294456 19.886845
1.562980 67.588577 21.467966
1.561980 74.335327 26.405052
1.569980 66.795670 22.466690
1.460975 75.054848 29.176670
1.519978 70.017761 26.325001
1.558979 59.612259 17.799345
1.539979 69.345856 21.694859
1.559979 64.805176 17.086964
1.521978 58.697098 16.331081
1.550979 61.907314 22.362244
1.514977 73.345589 25.431532
1.531978 78.716797 28.269833
1.513977 65.230827 26.149719
1.498977 68.568428 26.609240
1.476976 77.972954 28.538889
1.588981 53.447067 17.222723
1.540979 66.324089 22.943615
1.553979 63.518261 22.395809
1.563980 61.205704 21.995897
1.566980 61.059929 22.880692
1.631983 46.049149 13.727717
1.532978 71.473633 26.270327
1.476976 65.023026 24.255857
1.621982 50.881557 17.355778
1.483976 68.241943 24.525190
1.568980 56.821999 17.625219
1.637983 51.037846 14.139059
1.499977 60.612003 20.193069
1.532978 80.212021 28.268335
1.554979 73.993889 27.661879
1.556979 69.283791 26.150932
1.575980 73.563217 26.522772
1.527978 71.383873 25.274406
1.504977 62.462399 25.194832
1.474975 68.553452 26.660017
1.559979 35.336956 11.871852
1.494976 55.259300 21.028618
1.568980 58.457092 22.228085
1.545979 57.042923 21.772472
1.529978 50.532345 20.269238
1.551979 39.332558 12.554142
1.453974 55.664692 18.483227
1.445974 50.568348 17.855972
1.466975 58.153290 20.806435
1.484976 64.776192 25.604559
1.534978 45.523220 15.871808
1.555979 40.882187 12.819580
1.466975 50.627880 19.531008
1.577980 48.505714 16.518728
1.495976 33.864689 13.600518
1.485976 48.151218 17.438774
1.493976 42.177765 15.468473
1.494976 32.499386 10.132869
1.504977 49.199814 19.373709
1.455975 25.053349 7.323124
1.455975 25.053349 7.323124
1.485976 43.570995 16.066643
1.390972 39.893932 13.543818
1.455975 43.905247 14.348683
1.495976 36.153553 13.985579
1.493976 31.330870 11.588035
1.478976 41.728867 15.070606
1.472975 42.855000 15.419121
1.581980 40.608906 12.762882
1.418973 42.058632 15.772870
1.479976 40.490250 14.780713
1.471975 39.270283 14.405599
1.539979 43.716053 14.137386
1.443974 50.731705 18.740604
1.550979 56.858299 21.750780
1.504977 39.646442 14.872837
1.501977 42.912209 15.454341
1.507977 48.130054 16.589111
1.597981 45.724590 13.564484
1.484976 58.712410 21.715084
1.458975 51.588844 16.253410
1.485976 45.251865 16.622173
1.420973 57.773228 19.158182
1.470975 39.880264 15.007812
1.534978 35.307323 13.165284
1.550979 57.515556 21.927483
1.534978 18.536037 5.723682
1.491976 46.559151 16.647013
1.481976 40.900280 15.067601
1.513977 27.461096 10.760956
1.510977 32.133842 13.043591
1.520978 42.443302 15.734752
1.491976 27.394466 10.918465
1.529978 38.392784 14.247746
1.581980 34.286465 11.642376
1.485976 40.692822 14.185753
1.496976 37.869690 13.826293
1.525978 32.796478 10.717465
1.507977 38.392139 14.711730
1.525978 41.891609 12.373685
1.552979 52.513893 16.880367
1.438974 45.249741 14.828369
1.541979 24.283060 7.519736
1.530978 39.107750 14.472495
1.545979 57.389141 21.918531
1.556979 47.037277 17.293245
1.562980 60.611473 22.813732
1.485976 58.129726 19.833654
1.578980 59.896042 22.353539
1.469975 51.497532 18.071632
1.443974 39.234631 13.613056
1.547979 29.378887 10.079279
1.547979 43.732021 15.666386
1.583981 47.843651 13.741259
1.533978 44.776321 15.910655
1.489976 76.112717 26.034370
1.466975 28.226807 9.708121
1.506977 59.131851 19.471752
1.613982 49.458031 14.242722
1.588981 54.128872 14.505460
1.559979 61.817284 22.560005
1.518978 46.508175 16.263136
1.588981 53.462929 18.191957
1.504977 56.029274 18.631990
