1.158961 135.690323 -48.827305
1.172961 140.925583 -52.007515
1.191962 130.967834 -52.234524
1.169961 119.315254 -43.027267
1.188962 132.322601 -54.304939
1.168961 113.998215 -42.900303
1.154961 110.553955 -41.885204
1.163961 39.470924 -10.379209
1.158961 39.375858 -8.859060
1.156961 48.166115 -13.264190
1.158961 67.284431 -17.862558
1.162961 69.314827 -18.766026
1.157961 43.088348 -11.262601
1.157961 39.416546 -9.886897
1.153960 38.594887 -9.972979
1.151960 38.060745 -9.615488
1.159961 26.846153 -5.964444
1.168961 31.336731 -7.421988
1.185962 21.103374 -5.188595
1.161961 19.820375 -4.900821
1.182962 35.152153 -8.267144
1.165961 41.518913 -10.894935
1.163961 50.335052 -11.464913
1.164961 13.327986 -2.993674
1.167961 19.719383 -4.672328
1.153960 17.101118 -3.915109
1.153960 18.748814 -4.591605
1.149960 38.190575 -9.507216
1.166961 21.251518 -4.779117
1.404972 -53.069618 7.071728
1.143960 24.751032 -6.151970
1.163961 28.779066 -6.269186
1.160961 22.762077 -4.353640
1.153960 32.449787 -7.766198
1.149960 14.923788 -3.586546
1.135960 24.893934 -5.782261
1.151960 20.322771 -4.844410
1.146960 38.408916 -9.798548
1.161961 17.048281 -3.875227
1.096958 1.100103 0.074774
1.153960 8.143772 -1.400658
1.133960 35.725666 -7.809766
1.134960 19.868557 -4.594623
1.167961 -9.788527 1.896036
1.131959 27.219303 -6.181253
1.161961 31.359205 -6.399015
1.174961 32.855106 -8.387488
1.160961 12.749534 -2.547765
1.150960 21.864065 -4.774852
1.166961 22.517321 -5.991093
1.148960 27.929445 -6.832413
1.161961 12.046758 -2.772390
1.154961 19.477221 -4.933889
1.157961 14.580866 -3.554272
1.395972 -63.367641 9.438005
1.154961 17.025476 -3.686415
1.161961 7.744454 -1.924447
1.131959 26.248289 -7.080095
1.241965 53.709675 -14.481400
1.149960 29.970041 -8.832357
1.396972 -55.136406 8.312594
1.162961 14.442236 -3.353416
1.149960 28.156679 -6.789797
1.145960 19.881218 -4.932442
1.151960 3.678872 -0.992355
1.150960 22.553492 -4.919331
1.357970 -60.701565 7.650505
1.145960 18.260025 -3.818240
1.137960 5.437311 -1.500772
1.145960 29.126757 -7.138287
1.139960 4.255413 -0.886207
1.150960 14.153593 -2.932875
1.137960 14.121276 -2.910535
1.136960 9.723608 -2.288238
1.088957 -11.670966 1.850084
1.149960 21.620941 -4.873254
1.137960 12.054262 -2.774401
1.087957 -32.546097 5.002677
1.146960 13.040979 -3.020584
1.164961 8.847404 -1.965002
1.146960 9.472681 -2.127628
1.146960 26.029873 -6.399175
1.160961 34.221489 -7.846683
1.154961 21.685089 -5.131577
1.146960 37.024418 -9.566935
1.096958 1.099152 0.075227
1.172961 12.737034 -2.067860
1.172961 8.900967 -2.010995
1.182962 13.972146 -2.443665
1.396972 -44.659271 5.072268
1.388971 -88.408463 8.704382
1.149960 7.472274 -1.374377
1.156961 1.329326 -0.450878
1.159961 14.621975 -3.173151
1.086957 19.447775 -4.719911
1.175961 13.129111 -2.672482
1.152960 24.875046 -6.130686
1.151960 12.817792 -2.739100
