1.611982 -64.188675 140.644257
1.642983 -56.926472 137.310974
1.491976 -24.800449 94.529785
1.555979 -30.247879 93.620361
1.428973 -27.896114 101.269684
1.342969 -28.331854 108.208946
1.504977 -26.996061 99.076653
1.510977 -33.637985 112.066551
1.451974 -30.486490 110.772873
1.432974 -33.044777 99.982094
1.451974 -34.114357 115.749596
1.566980 -38.112408 107.413727
1.473975 -34.521511 120.097908
1.455975 -30.076883 103.859276
1.478976 -31.680088 96.301155
1.440974 -31.791754 114.216370
1.485976 -35.776138 121.447060
1.477976 -36.968102 122.312965
1.504977 -35.054283 102.808586
1.471975 -31.879644 112.608215
1.467975 -29.709269 108.320969
1.475976 -34.919914 116.652138
1.522978 -31.227728 104.322281
1.511977 -31.894793 106.771095
1.425973 -33.727936 113.966347
1.454975 -28.910870 100.372116
1.412973 -31.986517 108.988297
1.480976 -28.711733 99.200012
1.461975 -35.854759 105.681770
1.407972 -32.141094 114.378517
1.421973 -31.730005 111.002869
1.420973 -32.404644 112.331856
1.459975 -30.395226 103.816093
1.457975 -31.979219 108.537605
1.371971 -33.822727 113.619583
1.378971 -32.629044 115.368546
1.378971 -32.776157 116.192566
1.375971 -29.335419 106.063240
1.401972 -36.818718 106.829605
1.298967 -30.997396 94.659027
1.367970 -30.032675 105.846931
1.378971 -29.869972 104.920944
1.414973 -28.876316 103.179817
1.388971 -28.888531 102.290543
1.442974 -32.555962 99.682594
1.388971 -27.143742 99.823349
1.332969 -28.761053 106.036484
1.403972 -32.890339 99.493912
1.391972 -32.148811 106.814247
1.373971 -30.580711 103.909782
1.334969 -29.946012 111.652649
1.448974 -34.574066 104.361511
1.420973 -31.156563 106.454956
1.400972 -27.720968 103.908363
1.387971 -29.792799 109.088486
1.503977 -26.983795 81.634232
1.380971 -28.985905 103.895805
1.385971 -29.329350 106.851135
1.443974 -39.764221 115.402573
1.415973 -32.088036 111.733437
1.425973 -32.358738 112.568459
1.497977 -28.804768 100.342957
1.399972 -30.301355 90.902084
1.402972 -31.863043 97.038544
1.423973 -38.045254 113.228363
1.399972 -34.896675 116.487122
1.393972 -38.033493 113.181320
1.374971 -32.476616 108.830238
1.402972 -34.019306 115.633087
1.387971 -34.981747 116.105232
1.477976 -31.791687 105.709137
1.464975 -28.525429 99.926735
1.464975 -31.006632 106.347275
1.335969 -33.774014 133.257019
1.383971 -31.316057 110.608673
1.371971 -33.057114 113.082626
1.364970 -34.602604 118.588074
1.352970 -31.492838 109.928978
1.355970 -27.404760 100.216087
1.357970 -25.800941 97.662247
1.378971 -29.959488 104.425865
1.292967 -25.352175 83.426453
1.279966 -29.494017 108.103523
1.283967 -28.685162 104.913651
1.361970 -32.010914 107.103889
1.342969 -28.748444 101.909439
1.247965 -27.057987 104.713715
1.342969 -39.114220 115.417122
1.375971 -29.493309 102.680634
1.394972 -34.527752 101.526054
1.404972 -39.292839 110.567398
1.378971 -27.246490 98.380104
1.352970 -26.770239 98.058258
1.361970 -28.660215 101.491875
1.294967 -30.772881 111.493156
1.387971 -40.429302 113.691994
1.360970 -33.073078 108.805481
1.349970 -32.261787 108.243462
1.382971 -27.187620 86.207375
1.355970 -35.725349 114.694542
1.390972 -32.607853 107.977547
1.300967 -25.883516 102.205269
1.368971 -28.268045 101.687073
1.317968 -29.508812 107.531769
1.362970 -29.000103 105.667763
1.369971 -29.656796 105.689491
1.314968 -30.465521 96.036797
1.391972 -29.792177 102.158859
1.385971 -33.978252 109.881943
1.377971 -32.896202 109.620323
1.391972 -27.316006 95.424583
1.379971 -31.045263 105.810791
1.368971 -27.078281 99.071510
1.383971 -29.994806 104.878700
1.372971 -29.003365 105.993530
1.401972 -25.120926 97.291908
1.368971 -35.218197 110.169975
1.372971 -33.141373 108.065102
1.425973 -38.148838 109.223549
1.411973 -33.310020 107.672012
1.411973 -33.310020 107.672012
