1.035955 57.259674 139.959198
0.996953 52.689117 136.204056
1.000953 56.359509 126.596527
1.001953 42.435207 133.256134
1.223964 49.572723 130.865738
1.225964 45.465260 120.743179
1.225964 45.465260 120.743179
1.657984 58.403713 130.469299
1.256965 51.565060 136.597244
1.268966 52.181042 147.525772
1.287967 56.233662 148.503387
1.276966 54.157574 139.336075
1.388971 51.096512 134.933762
1.297967 54.088299 141.025864
1.298967 45.514893 128.501251
1.267966 47.685024 130.189728
1.284967 43.195557 125.613876
1.267966 51.140877 135.943832
1.256965 46.360626 125.532852
1.259965 41.574333 117.607872
1.246965 43.242233 118.084770
1.279966 45.727955 115.956772
1.267966 36.131245 102.845901
1.283967 34.675549 110.592186
1.322968 35.494846 107.491524
1.321968 40.783531 122.479195
1.290967 43.284935 128.694214
1.257965 45.351540 143.162888
1.344969 50.842960 117.354660
1.277966 50.491035 134.564667
1.260965 47.720852 123.812103
1.258965 38.184422 109.736191
1.254965 42.952145 129.630463
1.251965 42.236889 124.147713
1.262966 50.631737 131.520523
1.337969 50.357330 134.085632
1.226964 44.133625 119.549477
1.263966 34.520023 114.577461
1.358970 52.411415 135.634216
1.333969 42.029060 117.428833
1.296967 52.452435 133.412003
1.291967 45.829597 117.570442
1.297967 40.773476 114.049934
1.261966 43.472282 119.716797
1.341969 50.631176 135.214127
1.313968 55.840157 148.481949
1.332969 47.986275 131.348251
1.269966 43.766182 121.126892
1.305968 51.618637 136.363129
1.310968 42.478889 124.213409
1.307968 43.478878 122.980515
1.278966 46.544937 123.010406
1.262966 42.794594 117.724098
1.321968 47.928780 130.545685
1.261966 45.594604 138.145233
1.249965 39.478661 126.985489
1.300967 44.966862 127.591179
1.355970 51.812809 134.268188
1.319968 52.202652 128.111847
1.312968 51.819511 137.672073
1.293967 44.985008 126.469620
1.280966 43.131554 132.958374
1.308968 47.459335 134.042557
1.289967 39.913002 127.605156
1.207963 17.176933 77.595398
1.294967 44.180748 135.347885
1.294967 44.180748 135.347885
1.321968 30.038002 104.657822
1.277966 48.485367 147.322510
1.288967 44.348328 125.682892
1.287967 52.335583 136.762299
1.346969 59.339039 143.957199
1.319968 51.256981 121.341270
1.313968 49.054707 132.866241
1.225964 44.513817 127.776276
1.318968 50.154297 142.234970
1.273966 42.224213 116.355125
1.278966 49.746746 139.366913
1.308968 46.806725 138.117279
1.265966 39.109840 131.014633
1.382971 46.245155 132.310974
1.305968 54.340328 144.836365
1.310968 50.531250 126.507607
1.245965 45.998722 121.654358
1.275966 58.389599 145.209061
1.284967 57.706959 144.922562
1.283967 55.646313 141.677261
1.322968 54.238937 138.535858
1.294967 60.389297 144.229950
1.291967 44.954311 129.254379
1.333969 24.997948 89.721275
1.274966 45.647518 117.336502
1.333969 46.220917 128.688766
1.326969 44.915363 133.737061
1.310968 50.871223 133.958618
1.300967 45.765984 141.506454
1.302967 53.267933 138.253555
1.385971 43.300529 111.255943
1.373971 46.571533 125.891098
1.359970 49.378906 136.858154
1.417973 45.913433 125.503990
1.310968 50.389584 134.453552
1.333969 54.107071 137.704590
1.331969 54.342777 147.360931
1.287967 47.149620 123.566811
1.359970 49.863239 132.026047
1.319968 41.845230 110.645897
1.348970 50.143261 129.033936
1.306968 49.454227 127.218864
1.343969 50.359489 133.369293
1.302967 49.490910 122.593117
1.322968 50.150784 147.449921
1.363970 48.714104 132.089569
1.306968 47.124695 123.517387
1.331969 57.076859 141.252243
1.330969 55.953239 142.825562
1.306968 41.855213 128.761993
1.371971 47.339203 136.061615
1.399972 51.819111 133.844666
1.333969 45.557827 123.550278
1.280966 49.140007 125.034492
1.396972 26.642475 97.706390
1.354970 47.381340 129.476028
1.297967 49.878799 140.077850
1.302967 42.490509 118.124153
1.329969 18.026886 93.467072
1.335969 48.501286 138.179459
1.329969 49.357632 138.910278
1.312968 52.087341 137.918274
1.287967 42.548935 117.500145
1.286967 42.016991 133.492249
1.306968 39.629295 112.396805
1.318968 48.759216 132.704025
1.357970 45.473797 115.608025
1.343969 42.933090 116.438416
1.317968 47.191017 131.261215
1.332969 45.403713 126.833145
1.321968 51.503963 137.479050
1.351970 55.448643 137.878601
1.281966 46.274731 121.721962
