0.828956 0.429772 0.124452
0.841955 -12.360277 -2.448925
0.836955 17.299488 2.932949
1.007954 36.446037 4.393236
1.139960 117.664185 10.793837
1.128959 106.546463 8.063951
1.144960 108.149376 5.726910
1.136960 76.601547 7.230866
1.133960 66.485611 11.008630
1.169961 40.708763 6.773987
1.147960 23.649790 4.554985
1.159961 55.953800 8.937035
1.161961 52.129269 6.922744
1.139960 28.390398 5.104913
1.149960 37.165134 5.802291
1.161961 35.540466 5.222798
1.155961 54.652905 7.273782
1.167961 47.148705 7.006761
1.162961 32.925953 6.048934
1.150960 34.370033 5.429581
1.153960 27.999949 4.708315
1.169961 58.589233 9.181195
1.125959 32.784969 5.985312
1.149960 34.164894 5.762625
1.163961 15.180000 2.546614
1.139960 39.729065 7.160336
1.206963 17.054878 3.457242
1.147960 23.649508 4.555007
1.150960 26.216375 5.893927
1.164961 33.969315 5.023121
1.164961 21.925070 4.828809
1.170961 18.468399 3.894193
1.178962 14.161991 2.263772
1.155961 30.201250 4.734471
1.168961 23.012329 3.993328
1.232964 25.781107 4.228048
1.206963 18.854279 3.381675
1.158961 27.412663 5.454394
1.270966 3.947013 0.993157
1.270966 3.947013 0.993157
1.197963 2.914427 0.920310
1.130959 29.639843 5.387833
1.152960 18.607410 3.630252
1.155961 17.158491 3.217820
1.148960 20.190422 3.788049
1.155961 14.747195 2.863448
1.152960 17.203236 3.275560
1.223964 11.204487 2.119593
1.462975 -48.896660 -12.535415
1.170961 -5.228719 -1.084177
1.188962 11.785314 2.717824
1.153960 7.282147 1.520599
1.152960 4.116138 0.787836
1.289967 5.654455 1.565941
1.134960 -44.895000 -10.532561
1.497977 -21.855398 -5.038755
1.165961 17.252722 3.915090
1.162961 -18.146637 -3.694285
1.172961 11.939366 2.522759
1.451974 -39.306183 -9.457644
1.153960 11.050846 1.761469
1.167961 7.126302 1.400009
1.142960 -6.573910 -1.255719
1.456975 -15.738729 -3.666862
1.124959 12.217109 2.414466
1.151960 -2.075884 -0.733423
1.160961 0.701926 -0.127930
1.127959 -43.078388 -12.273495
1.124959 -21.254732 -5.586254
1.138960 -17.425232 -4.125057
1.111959 -74.843521 -23.589924
1.127959 -43.078388 -12.273495
1.127959 -43.078388 -12.273495
1.104958 -46.395565 -13.763028
1.444974 -32.857414 -8.973695
1.119959 -19.342224 -5.021696
1.116959 -16.542885 -3.952796
1.146960 -11.002459 -2.673428
1.107958 -54.294037 -15.739082
1.127959 -43.078270 -12.273928
1.440974 -62.669579 -19.374538
1.158961 -78.616608 -25.339760
1.425973 -34.865913 -9.522933
1.124959 -39.489422 -10.372609
1.132959 -9.375814 -2.086029
1.086957 -77.148491 -23.304243
1.162961 -14.073238 -3.179772
1.127959 -43.079651 -12.273448
1.125959 -30.285587 -7.732354
1.168961 -4.750655 -1.121432
1.458975 -36.245899 -9.551569
1.114959 -38.936848 -9.534868
1.298967 -21.764870 -5.765419
1.125959 -30.779663 -8.118396
1.167961 -9.662079 -2.539982
1.436974 -53.260193 -13.062099
1.113959 -21.628828 -5.704429
1.148960 -70.080261 -21.776188
1.150960 -25.661270 -5.719720
1.140960 -12.482086 -2.622523
1.417973 -31.170103 -8.315251
1.156961 2.269986 0.728918
