1.190962 -110.912209 -3.779455
1.178962 -40.622658 6.045759
1.184962 -35.900673 8.992444
1.211963 -48.220135 11.278899
1.193962 -35.165188 7.200393
1.195962 -36.459618 7.554634
1.209963 -22.483202 5.697310
1.254965 4.186256 -1.411161
1.319968 27.974726 -8.488677
1.311968 33.487671 -13.246657
1.343969 39.086559 -14.284852
1.314968 40.554668 -15.182437
1.334969 42.591057 -15.708229
1.359970 32.527737 -11.997290
1.330969 39.452621 -14.471589
1.318968 45.165085 -15.613393
1.349970 29.782721 -11.151562
1.387971 26.067513 -9.125770
1.375971 28.920839 -10.291330
1.341969 45.316910 -18.439199
1.348970 42.595268 -15.694633
1.349970 31.669840 -12.043933
1.367970 29.352175 -10.031344
1.338969 44.436119 -18.625401
1.369971 47.765350 -18.261559
1.352970 35.604511 -12.861777
1.313968 47.750462 -16.585110
1.361970 38.318165 -14.661607
1.349970 27.531897 -9.945787
1.334969 24.220125 -9.107021
1.337969 33.069504 -12.676956
1.321968 21.279144 -8.277022
1.315968 30.402369 -11.490754
1.323968 28.643114 -9.812596
1.309968 18.763927 -7.490600
1.330969 23.789373 -9.774734
1.318968 41.429897 -17.010195
1.305968 37.854630 -14.601246
1.310968 35.361504 -13.791857
1.273966 21.123850 -8.020911
1.277966 17.638908 -6.600498
1.324968 20.163826 -7.443277
1.351970 29.371023 -11.072914
1.290967 23.097862 -6.724058
1.302967 37.086346 -12.625459
1.306968 21.896368 -7.447736
1.314968 45.487984 -18.742802
1.292967 28.764021 -8.745112
1.288967 27.403524 -8.493096
1.282966 18.259762 -5.693202
1.319968 21.779253 -8.574553
1.313968 32.871796 -11.501317
1.320968 41.729893 -13.674016
1.315968 41.561287 -14.897571
1.226964 44.285919 -19.410378
1.119959 11.979370 -3.823598
1.251965 11.454147 -4.325144
1.372971 34.295479 -13.153365
1.311968 29.287428 -11.530567
1.268966 28.714497 -11.066604
1.302967 29.818041 -11.007355
1.294967 40.093723 -15.677583
1.287967 28.412943 -9.669107
1.316968 33.611141 -12.724278
1.290967 13.641739 -4.408985
1.313968 11.076893 -3.794820
1.335969 11.631014 -4.455609
1.340969 10.977291 -3.304257
1.316968 34.627289 -13.337382
1.316968 9.853158 -3.230557
1.353970 28.464544 -10.485112
1.349970 29.292690 -11.441352
1.313968 18.442421 -5.498191
1.329969 16.830976 -6.538920
1.345969 8.559093 -3.238932
1.364970 32.222382 -12.362517
1.342969 26.648176 -8.177637
1.335969 17.620962 -6.120792
1.334969 24.471424 -8.700933
1.338969 20.553904 -8.106033
1.345969 2.437186 -0.896629
1.326969 30.898449 -11.868634
1.315968 11.750709 -3.892998
1.343969 23.294052 -7.057330
1.340969 29.950375 -11.432940
1.350970 16.239536 -6.071732
1.349970 11.349873 -4.245135
1.341969 38.286777 -12.960360
1.282966 16.690365 -6.084630
1.362970 10.858791 -3.205582
1.315968 17.354727 -5.990671
1.351970 11.011054 -4.155024
1.303967 30.020697 -11.604653
1.309968 20.393950 -6.070107
1.330969 4.735886 -1.770716
1.331969 25.289665 -9.035649
1.321968 21.730885 -6.425385
1.296967 29.461805 -8.701939
