1.226964 68.983986 82.758812
1.261966 72.904366 75.134239
1.315968 74.785469 79.797264
1.263966 79.086739 85.812393
1.255965 68.686073 76.767464
1.261966 57.280273 71.853706
1.261966 57.280273 71.853706
1.283967 61.994366 72.706062
1.320968 59.050762 65.748421
1.329969 67.696503 78.507019
1.356970 52.785770 64.495155
1.287967 64.289810 81.184914
1.324968 67.550316 78.343918
1.345969 54.201435 65.902061
1.350970 45.022213 52.696526
1.342969 49.179573 61.611824
1.344969 52.344803 67.522713
1.306968 45.594654 56.789810
1.358970 51.520531 60.480049
1.301967 50.237289 63.891266
1.310968 41.570667 53.515419
1.311968 42.535549 51.900322
1.326969 59.127621 74.144798
1.320968 45.644848 59.975510
1.302967 46.831429 59.673077
1.337969 49.232151 65.708191
1.317968 49.048092 60.124668
1.303967 45.906769 55.773808
1.298967 37.152405 45.988956
1.302967 53.185429 63.510952
1.321968 50.459309 65.880646
1.343969 40.587418 54.180370
1.273966 52.113804 63.206684
1.299967 47.964314 58.186226
1.297967 53.421230 69.403130
1.292967 52.182129 63.064781
1.294967 41.966064 54.684731
1.298967 39.179867 53.694248
1.333969 59.953285 75.174675
1.294967 48.319695 61.747208
1.337969 33.644611 47.996967
1.304968 54.496628 65.187309
1.298967 53.735943 66.694221
1.277966 56.092026 72.125931
1.290967 59.114456 68.539597
1.309968 52.223057 58.741879
1.307968 47.600182 58.338573
1.292967 52.181892 63.065140
1.309968 48.951252 55.985237
1.323968 57.579849 66.061729
1.342969 48.804161 60.112301
1.295967 71.171249 79.195572
1.265966 69.403427 82.220924
1.279966 67.486984 75.711731
1.279966 70.171234 82.510658
1.355970 60.352619 72.138504
1.310968 51.933487 66.702370
1.275966 57.275444 69.392838
1.304968 66.451591 73.814735
1.260965 70.364059 82.019272
1.327969 72.221870 79.725197
1.254965 49.749809 61.900944
1.344969 55.940727 64.945450
1.236964 66.281166 79.495911
1.276966 73.337112 87.000755
1.280966 71.537476 79.792763
1.301967 78.112129 89.964577
1.301967 60.212822 71.956963
1.285967 64.213806 72.932343
1.298967 74.577690 82.479858
1.284967 72.975235 86.479156
1.280966 76.975082 89.401459
1.287967 76.824646 88.725082
1.274966 65.227745 78.549522
1.274966 65.227745 78.549522
1.328969 49.280727 60.203434
1.261966 56.144356 71.331985
1.290967 58.119617 73.303505
1.308968 43.522888 58.994816
1.298967 53.740898 69.155663
1.310968 59.735920 74.963936
1.305968 38.853439 51.914368
1.299967 56.830116 71.458992
1.299967 56.830116 71.458992
1.338969 57.107971 67.302177
1.305968 38.853428 51.914234
1.312968 69.340294 80.569023
1.329969 59.057606 63.508503
1.266966 52.915569 67.703453
1.291967 61.109127 75.617973
1.289967 63.440559 77.206139
1.316968 60.453632 72.083229
1.267966 60.544220 70.854210
1.303967 57.345631 67.238243
1.252965 65.591537 79.830811
1.234964 60.522709 75.343414
1.266966 57.361843 67.213409
1.294967 49.951736 60.104660
1.307968 58.637844 73.206741
1.262966 62.705917 72.804123
1.272966 66.868370 76.269310
1.252965 65.540085 76.236046
1.311968 49.755749 61.569126
1.279966 55.631104 65.831284
1.259965 60.572895 72.177200
1.283967 58.843288 68.368271
1.290967 54.193005 60.628620
1.287967 60.679024 68.059273
1.292967 40.668079 48.319271
1.324968 67.613152 74.899757
1.256965 64.205566 75.973076
1.256965 64.205566 75.973076
1.271966 52.275421 59.286976
1.253965 49.382206 62.688389
1.318968 41.522942 51.593571
1.315968 64.534523 71.076103
1.290967 52.658783 62.235279
1.274966 60.294277 71.775673
1.318968 64.291710 78.124084
1.281966 66.406609 82.471825
1.280966 47.001225 61.863518
1.302967 51.530010 60.149849
1.357970 56.954666 72.112160
1.308968 43.523022 58.994663
1.300967 64.617218 78.815453
1.307968 50.842907 68.108582
1.300967 49.370472 58.723263
1.307968 58.721928 67.129768
1.312968 58.740635 66.435570
1.286967 63.922985 71.867867
1.310968 48.506748 55.700962
1.298967 57.524773 70.813950
1.315968 36.754543 44.326862
1.319968 49.808395 58.107571
1.290967 48.345573 59.926693
1.323968 54.697746 62.097954
