0.977954 -78.352837 36.818577
0.960954 -103.162704 47.506084
0.962954 -118.779556 53.277077
0.953954 -137.785889 57.267574
1.127959 23.484676 -15.359590
1.048956 24.017439 -15.302123
1.110958 37.485603 -25.072939
1.138960 41.519844 -28.913118
1.128959 24.746954 -16.691093
1.045955 34.330196 -21.813921
1.127959 43.244591 -28.914568
1.156961 33.086956 -23.406040
1.148960 26.671499 -16.675875
1.149960 31.851826 -20.859566
1.122959 42.863884 -28.380976
1.128959 34.323536 -23.598715
1.127959 37.690281 -24.860569
1.124959 30.167097 -20.088144
1.133960 39.079220 -26.845776
1.127959 34.809956 -24.474976
1.130959 26.236372 -17.190334
1.132959 50.194965 -33.476944
1.139960 24.854731 -16.551300
1.136960 15.645200 -9.853252
1.117959 34.754616 -23.690973
1.132959 40.308445 -26.779268
1.118959 38.824776 -25.836683
1.129959 44.339630 -31.237610
1.115959 40.179905 -25.577972
1.098958 35.048931 -22.652620
1.120959 43.246246 -28.990536
1.115959 51.797573 -34.216583
1.129959 31.371756 -21.447500
1.114959 43.859863 -30.242245
1.269966 -50.703659 24.795197
1.112959 24.430845 -16.561474
1.100958 25.331541 -15.656116
1.097958 33.829498 -21.772791
1.092958 16.640392 -10.015401
1.103958 16.250677 -10.786826
1.092958 29.580595 -19.476187
1.108958 5.958301 -3.556157
1.104958 23.290318 -15.466837
1.099958 31.262512 -20.722643
1.108958 6.505612 -3.910792
1.101958 10.611615 -6.293730
1.111959 23.806183 -14.798429
1.101958 0.044181 0.360731
1.097958 -2.043725 1.029879
1.090958 6.612362 -3.681644
1.090958 1.983455 -0.722086
1.077957 -3.500183 1.703663
1.081957 -5.557247 3.123501
1.082957 -3.624509 2.690678
1.080957 2.921610 -1.576633
1.117959 8.696850 -5.071033
1.080957 -8.229235 4.354555
1.098958 -12.409220 6.699648
1.105958 -16.125896 8.556083
1.101958 -5.499445 3.131399
1.091958 0.646617 -0.314864
1.081957 -30.304565 18.343637
1.089957 10.245336 -5.636865
1.077957 -9.544412 5.590055
1.111959 -6.668933 4.119672
1.112959 -9.535085 5.974555
1.091958 -29.810553 15.829908
1.095958 -20.088984 11.736140
1.086957 -21.779184 11.765417
1.064956 -26.147020 14.244885
1.106958 10.008243 -6.487431
1.075957 -17.974308 9.732773
1.071957 -19.126261 11.267125
1.064956 -21.222710 11.721849
1.086957 -36.740654 20.240185
1.103958 -17.549789 10.332790
1.105958 -19.403040 10.479704
1.082957 -25.696325 13.827797
1.093958 -31.716564 16.165026
1.089957 -27.236687 15.567775
1.064956 -18.446701 10.264137
1.077957 -18.534376 10.418540
1.094958 -30.980669 15.607596
1.095958 -32.603157 18.747780
1.086957 -42.342751 23.227699
1.089957 -31.313551 17.759426
1.085957 -41.457325 23.043653
1.089957 -31.407757 17.006443
1.096958 -31.113905 16.586229
1.064956 -24.084223 14.001103
1.122959 -3.111918 1.847936
1.082957 -16.679623 9.268124
1.082957 4.610509 -2.911801
1.079957 -7.252802 4.655572
1.100958 -8.791075 5.459528
1.109958 5.080007 -3.599880
1.113959 27.948524 -18.430719
1.106958 40.369499 -27.125561
1.132959 55.225262 -37.990089
1.117959 32.093258 -21.308674
1.119959 53.895313 -37.034149
1.118959 47.807842 -32.744820
1.122959 37.328850 -25.503469
1.126959 37.978348 -27.280539
1.135960 46.478756 -33.131504
1.289967 -27.209879 14.923861
1.121959 38.227272 -26.688913
1.132959 56.404289 -38.888885
1.124959 54.995304 -37.450306
1.144960 26.538122 -18.904640
1.140960 34.230900 -21.851778
1.127959 36.799412 -25.062368
1.142960 24.477055 -17.161161
1.132959 18.551121 -12.092875
1.145960 46.004303 -32.854332
1.161961 45.435959 -32.182560
1.141960 24.898636 -18.155731
1.136960 45.967243 -32.024250
1.114959 26.949305 -18.302351
1.146960 36.658375 -25.297602
1.132959 33.141590 -22.246641
1.128959 19.814703 -13.111980
1.133960 25.261217 -17.851032
1.315968 -44.177608 23.926088
1.141960 28.338308 -19.005810
1.138960 17.805126 -12.178459
1.129959 17.366867 -12.362137
1.124959 8.218556 -5.069593
1.308968 -47.132050 25.840429
1.122959 19.560791 -13.132556
1.113959 17.088522 -10.750434
1.110958 21.624889 -14.290070
1.125959 31.201881 -21.191324
1.114959 34.111301 -21.562241
1.107958 13.137026 -9.151677
