1.271966 78.678810 11.649912
1.271966 51.474239 9.008690
1.244965 66.382149 10.522343
1.285967 80.363846 16.269098
1.259965 64.193939 10.929988
1.250965 67.241821 11.144837
1.286967 40.120258 8.056262
1.319968 27.503340 6.103678
1.362970 41.162312 8.952267
1.327969 39.770485 8.125709
1.314968 55.701569 11.389355
1.332969 33.570923 6.641724
1.352970 44.378124 9.916311
1.360970 49.018719 10.398996
1.348970 36.343292 7.235478
1.310968 27.901602 6.885660
1.323968 43.067989 9.690974
1.326969 27.392759 6.333965
1.354970 32.423077 6.847088
1.283967 48.028667 11.265322
1.323968 26.241737 5.928848
1.314968 38.907001 7.527538
1.302967 32.565540 7.277842
1.284967 27.665501 6.673056
1.342969 24.343519 5.220965
1.318968 41.133484 8.077968
1.356970 40.062881 8.644297
1.298967 39.816162 8.639086
1.341969 51.935493 13.183693
1.345969 24.503960 5.391313
1.358970 32.966408 6.404897
1.351970 31.595196 6.777309
1.326969 38.880169 7.325037
1.321968 46.970970 11.409142
1.320968 40.050167 10.232325
1.317968 44.340687 11.583896
1.317968 43.719975 9.420274
1.343969 28.816675 5.741450
1.327969 34.614269 8.005650
1.312968 30.216619 7.120707
1.277966 41.039757 9.829818
1.314968 22.586163 4.049223
1.323968 27.056328 5.827068
1.300967 35.882256 7.595496
1.319968 43.829128 9.501927
1.316968 17.483389 3.871290
1.325969 30.461451 5.866598
1.317968 18.382105 4.094147
1.350970 22.332306 4.727193
1.323968 25.944525 5.358521
1.319968 24.226635 5.627910
1.310968 24.497816 6.009899
1.309968 27.960114 6.891846
1.291967 19.588516 4.930195
1.335969 19.334118 4.397236
1.341969 16.636005 3.483144
1.316968 30.317299 6.898577
1.324968 26.502220 5.604931
1.318968 26.250399 6.357778
1.304968 24.803158 5.976086
1.318968 25.600489 5.336604
1.304968 26.790747 6.019783
1.312968 32.679623 7.056433
1.286967 46.383255 11.563068
1.277966 37.028988 7.891329
1.343969 26.449148 5.383959
1.338969 33.581764 6.720570
1.290967 18.076162 4.715400
1.323968 21.644699 4.918963
1.299967 35.820480 7.608255
1.280966 37.990383 8.214955
1.282966 54.114910 14.025553
1.297967 39.078815 7.837584
1.299967 6.857659 1.478073
1.326969 34.203106 8.767085
1.287967 8.833076 1.935744
1.307968 9.619680 2.279194
1.299967 11.865726 3.042550
1.273966 25.595490 5.681869
1.276966 11.536555 2.643345
1.286967 40.607208 8.975429
1.295967 52.240265 13.548415
1.316968 28.450977 5.783091
1.325969 18.358704 4.077540
1.314968 30.546360 6.289505
1.305968 20.257431 4.713359
1.269966 17.041988 3.607401
1.306968 15.162205 3.317224
1.315968 43.640125 9.556026
1.305968 39.166210 8.419701
1.314968 13.015947 2.903830
1.323968 34.571907 6.603217
1.334969 30.605045 6.632786
1.273966 43.913952 9.552185
1.296967 15.929317 3.597171
1.297967 46.949455 9.368869
1.301967 16.906086 3.903617
1.290967 11.613352 2.791034
1.284967 34.714817 9.366385
1.311968 9.939434 2.064656
1.301967 15.544937 3.395281
1.294967 44.356136 9.180428
1.294967 16.313993 4.046538
1.286967 47.555107 8.865079
1.299967 27.950497 6.277630
1.282966 34.318512 7.908052
1.275966 28.571257 7.085376
1.268966 26.170528 5.299880
