1.138960 61.773247 -65.785721
1.154961 64.457489 -75.513123
1.165961 60.039120 -64.585823
1.168961 48.202950 -53.697231
1.160961 60.698662 -70.783150
1.165961 64.455353 -71.125977
1.166961 5.881297 -5.790642
1.221964 -6.156322 5.367767
1.237964 -8.850188 8.104795
1.221964 2.709282 -2.425466
1.245965 -4.539268 4.320014
1.242965 2.790836 -2.591724
1.237964 -2.455036 2.001635
1.239964 -0.458858 0.307863
1.264966 9.586211 -8.512922
1.261966 12.409986 -11.224648
1.280966 14.445728 -13.119592
1.267966 18.978476 -18.433800
1.267966 14.276326 -12.602371
1.289967 -0.813846 0.478214
1.294967 7.575891 -6.638942
1.277966 12.466739 -11.206953
1.231964 4.460734 -3.799180
1.268966 12.414291 -10.800156
1.257965 4.669445 -4.593184
1.252965 13.450301 -12.627608
1.247965 11.598828 -10.441017
1.238964 19.013521 -18.005177
1.297967 13.712352 -12.700786
1.277966 1.986738 -1.730120
1.263966 22.954556 -21.967934
1.246965 9.196591 -9.020314
1.232964 18.182909 -17.490273
1.281966 15.511758 -14.648936
1.291967 22.777502 -21.766016
1.258965 22.232485 -22.178551
1.216963 24.589905 -21.455887
1.235964 4.254425 -3.743947
1.273966 13.572726 -12.342457
1.261966 8.409174 -7.302991
1.232964 -0.132210 0.097181
1.269966 -0.584019 0.346656
1.261966 19.777086 -18.738523
1.275966 -5.377339 5.045676
1.246965 1.081804 -1.162007
1.227964 15.065278 -14.863236
1.273966 19.302399 -18.595783
1.248965 7.813114 -7.187439
1.251965 12.335222 -11.009141
1.247965 5.626129 -5.134046
1.266966 -1.484169 1.282923
1.262966 11.394589 -10.069298
1.246965 1.535709 -1.622988
1.235964 0.340398 -0.142804
1.235964 7.785456 -7.353240
1.227964 6.255272 -5.956462
1.228964 11.080901 -9.851403
1.249965 7.526796 -7.162382
1.269966 10.400337 -9.656336
1.245965 7.846161 -7.227658
1.223964 24.386333 -23.627560
1.254965 1.107412 -1.365482
1.264966 21.778885 -21.526777
1.255965 22.339359 -23.093027
1.244965 13.900201 -14.083107
1.248965 9.731993 -9.772219
1.231964 15.594592 -15.648015
1.231964 11.220003 -10.424708
1.219964 10.645468 -10.435626
1.218964 2.591010 -2.836268
1.246965 4.508275 -4.066236
1.239964 8.938825 -7.974556
1.230964 13.172843 -12.295336
1.259965 12.363633 -11.236088
1.260965 13.939823 -12.241196
1.229964 14.812286 -13.554072
1.250965 23.714495 -23.661835
1.264966 14.872836 -14.427307
1.248965 18.952446 -17.668789
1.259965 28.013014 -26.514780
1.269966 18.968754 -17.732861
1.228964 6.278481 -6.697671
1.237964 21.476522 -21.374289
1.255965 22.706724 -20.825766
1.242965 14.748764 -13.695086
1.243965 6.162631 -5.799511
1.244965 15.773012 -15.229231
1.249965 10.116516 -9.278984
1.221964 15.724231 -14.852130
1.239964 18.590763 -17.746418
1.215963 2.863959 -2.477978
1.224964 1.856799 -1.519803
1.201963 11.621152 -10.332778
1.232964 5.627713 -5.499107
1.230964 5.909831 -5.631586
1.257965 21.280018 -20.444897
1.223964 -0.713888 0.666924
1.217963 0.437560 -0.260820
1.238964 9.758252 -9.063059
1.229964 -1.463372 1.467015
