2.000000 -44.127686 85.421356
1.833992 -36.386425 61.964809
1.939997 -26.492985 35.807117
2.000000 11.706554 69.411827
2.000000 -40.827934 72.938026
1.904996 -58.906952 95.371506
2.000000 -33.590084 82.023216
2.000000 -23.229515 71.543144
2.000000 -37.213356 73.065407
2.000000 -24.039698 80.489883
2.000000 -35.537582 75.677933
2.000000 2.779041 61.897057
2.000000 -26.296122 61.556839
2.000000 -30.377783 106.841240
2.000000 -47.591358 73.166779
2.000000 -27.912384 77.374817
2.000000 -41.473221 86.189789
2.000000 -17.812891 73.278641
2.000000 -28.217638 73.341110
2.000000 -34.352688 83.105827
2.000000 -30.042044 69.703758
2.000000 -30.042044 69.703758
2.000000 -4.855977 80.545952
2.000000 3.559266 83.154503
2.000000 -25.839752 76.917343
2.000000 -32.298443 95.546051
2.000000 -4.325273 70.977463
2.000000 -36.472233 76.844460
2.000000 -37.513592 86.967773
2.000000 -38.073875 71.898994
2.000000 -20.949076 65.229004
2.000000 -36.349838 75.891296
2.000000 -17.320702 67.112610
1.845993 -57.858669 82.768936
1.320968 -82.180916 55.407021
1.259965 -76.773666 57.877159
1.215963 -67.689789 68.559814
1.066956 -59.786209 68.959839
1.066956 -59.786209 68.959839
2.000000 -33.562511 64.168289
2.000000 -16.370596 69.912956
2.000000 -15.650854 79.135330
2.000000 -28.655607 80.720657
2.000000 7.651484 76.231026
2.000000 -28.646322 79.190964
2.000000 -21.047161 95.628738
2.000000 -31.708281 78.519318
2.000000 -18.450821 71.977974
2.000000 4.535277 69.613892
2.000000 -14.160472 83.539467
2.000000 -2.814855 76.386948
2.000000 -31.243528 77.402626
2.000000 -28.164728 79.181374
2.000000 -32.570896 79.314941
2.000000 -37.975315 85.871590
2.000000 -18.177656 81.591003
2.000000 -28.413240 77.218048
2.000000 -23.644453 47.011726
2.000000 -16.214691 63.260887
2.000000 -42.692104 101.879845
2.000000 -40.737568 76.567055
2.000000 -34.249069 71.780930
2.000000 -11.529990 73.166801
2.000000 -44.666893 58.159584
2.000000 -31.385742 76.369339
2.000000 -13.482443 85.366600
2.000000 -39.195404 77.235634
2.000000 -35.912884 51.714478
2.000000 -42.667736 81.291473
2.000000 -40.645706 82.720482
2.000000 -30.470366 78.309097
2.000000 -19.561483 90.904854
2.000000 -39.194138 55.375526
2.000000 -40.299576 79.176620
2.000000 -27.227873 76.926247
2.000000 -48.655521 69.738983
1.858993 -48.891945 58.707855
2.000000 -39.808998 80.283501
2.000000 -32.522652 77.392311
2.000000 -25.699146 90.076424
2.000000 -25.228390 72.084122
2.000000 -36.929554 76.013809
2.000000 -38.542454 78.052338
2.000000 -42.310581 77.798996
2.000000 -14.792793 62.193073
2.000000 -42.850502 56.147186
2.000000 -44.215015 62.263794
2.000000 -32.035973 68.308578
2.000000 -32.408665 68.714058
2.000000 -31.214357 69.594727
2.000000 -43.644699 79.970802
2.000000 -12.325973 81.923431
2.000000 -39.730892 79.039055
2.000000 -14.959676 76.926262
2.000000 -4.546359 70.707298
2.000000 -27.669174 69.856010
2.000000 -38.771194 84.242195
2.000000 -43.391373 83.865128
