0.872955 118.013885 51.495800
0.944954 39.786961 20.001625
0.944954 39.786961 20.001625
1.041955 74.112762 34.252613
1.046955 74.594872 35.418987
1.028955 40.221424 19.941114
1.065956 63.374317 29.991564
1.104958 -1.348663 -1.186946
1.133960 0.745474 0.214568
1.112959 -23.061932 -15.799714
1.112959 -23.061932 -15.799714
1.162961 2.906625 1.966616
1.164961 -0.379214 0.219088
1.150960 -9.409055 -6.343049
1.150960 -9.409055 -6.343049
1.150960 -9.409055 -6.343049
1.141960 -10.123815 -7.235932
1.141960 -10.123815 -7.235932
1.141960 -10.123815 -7.235932
1.125959 17.193274 9.997112
1.105958 17.586750 11.088425
1.142960 -14.132537 -8.775727
1.150960 -9.408763 -6.343360
1.164961 4.842742 3.656505
1.244965 15.942739 9.290449
1.140960 -10.246998 -7.339221
1.134960 -13.207789 -8.040016
1.134960 -0.564379 -0.627444
1.148960 -3.190524 -1.888376
1.137960 7.875885 5.367831
1.137960 7.875885 5.367831
1.137960 7.875885 5.367831
1.137960 7.875885 5.367831
1.134960 10.490650 6.511096
1.219964 -13.798059 -9.275496
1.219964 -13.798059 -9.275496
1.280966 9.310082 5.751823
1.280966 9.310082 5.751823
1.134960 -18.393681 -11.721806
1.141960 -10.393806 -7.350979
1.240965 14.333949 8.210122
1.265966 35.370556 22.813120
1.262966 -3.502795 -2.023656
1.260965 -1.061318 -0.620880
1.265966 0.830988 0.364182
1.272966 30.699837 18.230768
1.272966 30.699837 18.230768
0.980954 132.921951 53.427540
0.949954 149.263748 55.636345
0.968954 138.511032 53.258755
0.872955 125.014168 55.275047
0.997953 130.286469 53.707470
0.997953 130.286469 53.707470
1.071957 44.793060 22.357550
1.103958 37.459381 19.380274
1.109958 35.069920 17.582846
1.098958 43.462742 24.074154
1.108958 55.094772 28.905134
1.118959 49.949402 25.979490
1.105958 39.155449 20.699398
1.109958 35.070873 17.583347
1.122959 13.187372 8.263592
1.170961 1.185999 0.737682
1.140960 -3.732045 -2.186562
1.140960 -3.732045 -2.186562
1.130959 8.828566 5.580794
1.172961 -2.096586 -0.964686
1.170961 1.186736 0.738024
1.162961 -33.186100 -23.577219
