1.105958 136.536499 80.492294
1.161961 65.769066 44.665112
1.176962 87.475403 61.147427
1.162961 66.373093 48.686596
1.170961 83.325943 59.614075
1.239964 69.407959 48.948215
1.237964 22.165327 18.358776
1.217963 15.908437 12.913470
1.263966 37.223545 28.006807
1.242965 20.036898 15.904582
1.242965 20.036898 15.904582
1.223964 38.530499 30.277607
1.256965 58.739254 41.999252
1.265966 22.736906 17.703733
1.236964 31.558523 25.487297
1.229964 31.699715 25.261698
1.229964 31.699715 25.261698
1.229964 31.699715 25.261698
1.249965 12.528642 10.608760
1.230964 17.525328 14.163991
1.258965 32.287334 24.762794
1.258965 32.287334 24.762794
1.250965 15.401862 13.792529
1.232964 21.662577 16.197590
1.232964 21.662577 16.197590
1.252965 18.362295 16.199938
1.259965 28.377853 22.448668
1.233964 5.332525 5.182891
1.223964 22.284126 19.026554
1.280966 35.251240 26.846899
1.243965 42.968880 32.181129
1.241965 27.415043 21.528419
1.255965 16.911983 15.038947
1.201963 65.438446 46.031120
1.264966 26.991852 22.771812
1.264966 26.991852 22.771812
1.233964 26.506575 22.369534
1.233964 26.506575 22.369534
1.230964 17.524944 14.164126
1.227964 19.336575 16.319115
1.227964 19.336575 16.319115
1.276966 14.627845 12.805568
1.255965 16.912544 15.038534
1.256965 12.715446 10.980274
1.269966 29.688818 23.457914
1.240965 36.942287 30.653811
1.219964 0.330428 0.396764
1.219964 0.330428 0.396764
1.230964 17.524620 14.163796
1.235964 35.127895 28.988674
1.227964 43.578293 36.165348
1.273966 14.876328 13.324848
1.243965 57.290493 40.396919
1.252965 33.525860 29.236677
1.249965 12.528216 10.608740
1.247965 12.213141 10.411020
1.249965 16.119749 13.140428
1.240965 31.416883 24.303150
1.263966 29.963680 24.275980
1.278966 19.906076 17.359497
1.277966 45.810497 34.917995
1.277966 45.810497 34.917995
1.226964 28.612103 22.706587
1.254965 18.988621 17.523327
1.254965 18.988621 17.523327
1.219964 38.033508 29.658873
1.237964 38.326595 29.133238
1.237964 38.326595 29.133238
1.237964 38.326595 29.133238
1.237964 38.326595 29.133238
1.238964 29.820551 23.614571
1.238964 29.820963 23.614679
1.238964 29.820963 23.614679
1.250965 10.898002 9.159043
1.250965 10.898002 9.159043
1.246965 44.947197 34.164200
1.258965 60.533173 46.834541
1.258965 60.533173 46.834541
1.244965 15.772109 14.347522
1.238964 29.821318 23.614855
1.223964 37.228451 31.002928
1.223964 37.228451 31.002928
1.223964 37.228451 31.002928
1.231964 28.343332 23.839230
1.245965 46.666988 36.839336
1.216963 32.805641 26.480095
1.216963 32.805641 26.480095
1.262966 12.261166 10.409992
1.256965 32.997292 25.725094
1.260965 20.961956 19.498981
1.242965 30.510979 23.550196
1.252965 29.974241 23.773964
1.252965 29.974241 23.773964
1.252965 29.974241 23.773964
1.252965 29.974241 23.773964
1.201963 33.106239 27.533516
1.225964 34.137516 26.332478
1.253965 40.709549 29.865398
1.234964 16.769316 15.501615
1.276966 9.687184 7.459682
1.195962 25.782574 21.106987
1.264966 39.017960 31.202381
1.264966 39.017960 31.202381
1.227964 10.377819 8.138263
1.246965 13.907960 12.293397
1.200963 16.799246 13.936272
1.200963 16.799246 13.936272
1.200963 16.799246 13.936272
1.258965 6.473481 5.210410
1.274966 25.433155 19.420315
1.233964 12.715302 10.228225
1.256965 12.714639 10.979969
1.256965 12.714639 10.979969
1.256965 12.714639 10.979969
1.261966 14.108698 11.827908
1.246965 13.908834 12.293666
1.252965 20.126560 17.079643
1.252965 20.126560 17.079643
1.259965 11.216443 9.282505
1.267966 10.511746 9.110115
1.223964 21.561119 18.077198
1.256965 12.714573 10.979898
1.256965 12.714573 10.979898
1.265966 -6.601606 -6.213412
