1.748988 9.363758 -5.795587
1.828992 3.919898 -2.281035
1.889995 3.192555 -1.801624
1.713987 -4.258334 2.141030
1.901995 -12.606153 7.708609
1.915996 -1.547067 0.885210
1.793990 -3.811795 2.193520
1.958998 -25.201321 15.507764
1.835992 5.290486 -3.024318
1.734988 -13.484029 7.757183
1.775990 -15.865607 9.178799
1.788990 -20.751230 13.362441
1.755989 -16.555021 9.962282
1.750988 -8.386934 4.810143
1.774989 -21.283484 12.924984
1.736988 -6.574531 3.880757
1.592981 -6.976933 3.976379
1.534978 -12.953549 7.860457
1.603981 -17.603683 10.306075
1.586981 3.577712 -1.675845
1.596981 -24.181976 14.458476
1.608982 -21.904589 12.761864
1.582981 -16.001499 8.618114
1.605982 -6.909355 3.601796
1.638983 4.624374 -2.580401
1.618982 2.826972 -1.629764
1.554979 -13.641425 7.035367
1.614982 -10.507362 6.424751
1.606982 6.510572 -3.751741
1.680985 2.065342 -1.115566
1.595981 -10.413145 6.652389
1.605982 -7.821884 4.523214
1.589981 0.307733 -0.114966
1.629983 -8.255892 5.131867
1.631983 -8.737384 5.423994
1.638983 2.397713 -1.380883
1.582981 -5.586603 3.391981
1.552979 0.050928 0.011279
1.602981 -10.335886 6.425035
1.629983 4.786724 -2.615419
1.578980 5.022708 -3.126305
1.600981 1.064092 -0.613326
1.574980 -10.698269 5.958561
1.607982 -7.666540 4.852590
1.555979 -8.821278 5.094106
1.586981 -2.503751 1.767332
1.632983 -19.815889 13.267724
1.507977 2.721672 -1.568051
1.602981 -6.859326 4.271455
1.585981 -2.953707 1.762175
1.654984 -9.288369 5.936419
1.604982 4.301198 -2.570846
1.624982 1.400044 -0.738833
1.558979 -1.978004 1.251371
1.628983 -6.702016 4.163705
1.615982 -4.417637 2.690934
1.572980 -8.218149 4.742340
1.603981 -2.978735 1.850391
1.630983 3.394813 -1.975507
1.579980 -0.994464 0.525002
1.580980 -1.022078 0.658918
1.591981 0.665912 -0.367325
1.586981 1.931976 -1.240118
1.607982 2.962402 -1.733272
1.586981 -1.744856 0.997850
1.608982 3.147817 -1.717965
1.741988 7.822579 -4.606771
1.647984 10.017487 -5.936848
1.661984 3.669324 -1.935250
1.596981 -2.002527 1.253824
1.587981 -2.271986 1.313310
1.630983 -14.079703 8.412324
1.749988 5.183508 -3.020733
1.667984 5.583197 -3.411656
1.726987 4.481018 -2.902605
1.779990 4.499607 -2.550366
1.794990 4.871660 -2.789371
1.692986 -2.176023 1.355347
1.737988 14.009598 -8.318172
1.703986 2.044856 -1.343314
1.830992 15.254095 -8.581802
1.582981 22.800356 -12.260358
1.587981 3.104131 -1.893460
1.604982 -5.828802 3.313230
1.591981 1.795698 -1.183206
1.679985 -2.655526 1.688219
1.657984 3.641382 -2.390337
1.519978 -1.409333 0.867501
1.520978 -6.759088 3.961991
1.679985 19.968651 -11.769149
1.678985 1.596249 -0.841206
1.645983 6.015100 -3.432392
1.696986 12.516014 -6.671039
1.627983 1.716599 -0.875819
1.616982 1.264027 -0.863012
1.604982 -5.753139 3.397417
1.654984 8.624001 -4.804694
1.552979 4.159370 -2.111323
1.561980 -3.150834 1.961139
1.657984 -3.972393 2.633319
1.654984 10.049839 -5.595400
1.601981 10.016364 -6.018678
1.638983 1.659707 -1.070244
1.588981 -6.340398 3.973239
1.645983 12.409184 -7.010228
1.583981 0.332193 -0.218177
1.631983 5.658536 -3.163792
1.598981 -4.548424 3.045277
1.610982 -3.073337 1.977092
1.685985 -0.676559 0.516892
1.690986 0.359908 -0.165804
1.596981 2.325464 -1.705526
