1.951998 62.281994 57.354782
1.926997 62.302856 71.263435
2.000000 63.726940 72.587128
1.808991 63.684502 74.987045
2.000000 66.723869 59.767990
1.707986 68.815552 74.344551
2.000000 71.107613 72.281273
2.000000 85.792274 81.648697
2.000000 53.302284 79.231552
1.978999 95.400238 73.569229
2.000000 75.355659 61.325027
2.000000 83.575348 80.881287
2.000000 86.690865 64.221512
2.000000 60.402790 76.414352
2.000000 70.106865 61.629410
1.905996 82.141739 68.483276
2.000000 91.885010 79.228310
1.857993 96.442917 73.336395
2.000000 72.558449 75.309807
1.807991 94.760986 73.886955
2.000000 62.358086 81.666100
2.000000 82.417473 71.636345
1.890995 105.617920 77.906097
2.000000 75.568863 62.528858
2.000000 54.613674 71.461197
2.000000 80.010040 72.057312
2.000000 74.830002 74.362022
2.000000 89.726883 64.367340
2.000000 91.288902 62.537090
1.803991 99.005829 78.093658
2.000000 94.228134 74.321709
2.000000 89.282585 83.725830
1.931997 93.658455 78.571411
2.000000 79.700829 88.090935
2.000000 93.184425 92.653297
2.000000 80.200134 90.294144
2.000000 90.806038 87.495987
2.000000 74.865738 75.941795
2.000000 93.961304 80.868347
1.891995 72.051895 73.037193
2.000000 71.571381 81.517891
2.000000 80.212280 81.128937
1.699986 86.714272 90.281578
2.000000 81.475365 81.719505
1.842993 90.920860 70.395149
1.981999 78.380066 58.480091
2.000000 60.592457 58.725254
2.000000 86.036255 73.492058
1.760989 84.935684 77.737869
1.677985 85.578796 77.488472
1.833992 82.975983 78.684814
2.000000 74.019142 76.202171
2.000000 80.604286 78.155807
2.000000 67.767097 75.586273
2.000000 78.693634 84.476692
1.791990 84.238861 73.551491
2.000000 75.372078 78.044830
1.977999 73.977425 58.553478
2.000000 86.025719 92.475182
2.000000 69.342865 70.674873
1.929997 90.502838 70.736122
2.000000 88.592461 79.488342
1.848993 83.357178 81.568954
2.000000 75.544792 75.394714
1.995000 73.095795 60.575375
1.905996 91.852165 74.085129
1.694986 83.982979 77.089745
2.000000 65.410255 65.743896
2.000000 62.056210 74.094986
1.803991 86.257057 73.413864
2.000000 57.744049 78.700882
1.957998 84.038300 74.437378
1.827992 81.697670 75.920135
2.000000 68.922096 53.637978
2.000000 78.153091 61.419411
1.972999 76.653000 58.285198
1.931997 76.647041 58.339981
2.000000 49.663261 76.134163
1.896995 80.708969 62.428806
2.000000 72.214622 61.865192
2.000000 70.927353 51.616234
2.000000 53.302208 70.824165
2.000000 68.385201 72.126846
2.000000 84.393120 77.890091
2.000000 55.501663 74.827965
1.798991 87.476440 73.414307
1.761989 89.271194 90.110710
1.912996 95.674881 70.269150
1.579980 89.778877 78.359604
1.723987 94.039627 77.931541
1.816991 98.431740 91.862320
1.856993 81.640968 74.182457
1.861994 86.421730 74.482956
2.000000 84.804161 65.867363
1.575980 86.909714 77.515419
2.000000 78.377769 66.128067
1.675985 84.054787 67.095016
2.000000 72.090981 75.824493
2.000000 62.440289 66.340897
1.666984 99.965889 78.287727
2.000000 91.870705 64.484413
1.746988 99.261024 78.082367
2.000000 68.084892 70.184937
2.000000 78.885803 70.387611
1.665984 92.139191 78.250305
2.000000 67.529503 77.875298
1.996000 93.745064 59.187473
1.783990 81.452911 63.176514
2.000000 65.038414 70.658264
2.000000 75.947372 68.368492
1.795990 87.740440 80.832626
1.654984 75.234314 77.169243
2.000000 65.976715 67.639160
2.000000 64.927841 72.477501
2.000000 72.353088 68.682953
2.000000 60.951252 65.961823
2.000000 62.470421 72.430054
1.871994 69.220299 51.987926
1.546979 82.757843 79.132767
1.835992 77.956871 74.340202
2.000000 72.447823 71.874481
2.000000 72.180534 55.540386
2.000000 74.717674 59.691856
2.000000 54.179348 62.388733
1.958998 71.555862 53.919575
2.000000 61.413517 46.188065
