1.296967 -149.953064 130.608383
1.306968 -149.970184 124.660660
1.406972 -39.427631 52.815296
1.425973 -41.160416 54.783440
1.410972 -34.378643 49.077106
1.427973 -22.443464 29.846596
1.400972 -12.895501 18.765923
1.446974 -14.473691 21.887993
1.420973 -17.321974 25.539412
1.416973 -8.010272 11.843416
1.412973 -20.114893 28.578495
1.404972 -18.415564 26.329702
1.385971 -9.186159 13.109869
1.414973 -9.557751 14.306384
1.433974 -12.757265 19.092108
1.425973 -15.576745 25.211975
1.403972 -11.687537 18.347876
1.449974 -10.783330 16.279043
1.407972 -11.700444 18.997389
1.415973 -16.208046 26.156771
1.415973 -15.808347 25.350130
1.455975 -14.973172 25.168152
1.429973 -22.231258 32.597710
1.426973 -9.730398 14.676622
1.417973 -2.626666 3.832368
1.410972 -17.665436 28.123482
1.434974 -34.876507 45.831585
1.446974 -26.629232 36.647694
1.436974 -23.434708 33.122574
1.440974 -21.217056 28.545050
1.446974 -16.104622 23.131128
1.381971 -6.735077 11.361326
1.446974 -5.197268 8.531016
1.429973 -14.309472 21.539667
1.428973 -8.046916 12.382060
1.433974 -3.740974 5.828609
1.377971 -4.573276 7.635571
1.377971 -20.576210 30.952969
1.394972 -15.678005 24.748272
1.395972 -18.704950 28.771868
1.385971 -23.992020 35.178909
1.357970 -12.189994 18.295790
1.383971 -13.111118 22.562563
1.385971 -19.183735 29.553392
1.375971 -19.979242 30.065294
1.360970 -19.885523 31.864704
1.382971 -31.803556 49.339912
1.388971 -24.820690 36.654190
1.399972 -17.743473 27.047239
1.398972 -16.952829 26.567545
1.383971 -27.793438 40.075005
1.366970 -16.726433 25.607660
1.370971 -18.437967 27.590467
1.384971 -25.373964 37.168652
1.374971 -27.353495 39.515697
1.364970 -24.160147 38.125675
1.337969 -20.593149 32.261795
1.388971 -19.739674 30.200304
1.368971 -21.548759 31.982330
1.360970 -19.817705 29.705957
1.362970 -15.576797 19.990280
1.318968 -30.721573 46.604149
1.327969 -31.944839 44.668415
1.324968 -36.910751 47.786449
1.299967 -35.324860 47.332333
1.325969 -29.456575 44.917393
1.441974 -33.732826 45.892864
1.441974 -33.732826 45.892864
1.441974 -33.732826 45.892864
1.441974 -33.732826 45.892864
1.465975 -20.553108 31.705334
1.438974 -19.766983 25.171120
1.453974 -24.985655 34.502769
1.385971 -12.135960 19.059423
1.404972 -20.674837 30.704891
1.439974 -21.069460 30.658627
1.434974 -9.185083 13.195082
1.425973 -22.725695 35.707867
1.431973 -18.950554 29.887848
1.426973 -9.522984 17.230898
1.363970 -31.641176 50.710461
1.390972 -10.711563 13.517489
1.366970 -8.970305 13.036654
1.421973 -32.368366 44.539570
1.390972 11.082779 -16.270594
1.384971 -10.911198 16.104042
1.345969 -26.808640 38.355259
1.383971 -17.096922 24.805050
1.331969 1.416705 -1.952283
1.408972 -25.730413 40.431885
1.373971 -9.545650 12.349195
1.389971 -19.867947 32.585575
1.392972 -1.281967 2.674030
1.411973 5.435029 -9.481085
1.366970 8.998667 -16.375376
1.302967 3.643252 -6.283099
1.364970 -1.298868 2.566771
1.413973 -15.581825 26.674446
1.359970 -15.581266 27.735161
1.405972 -3.698826 6.445566
1.402972 4.017560 -6.631855
1.396972 8.562619 -13.734241
1.411973 6.671598 -10.940047
1.394972 -0.068196 0.463676
1.417973 -3.040629 4.713107
1.392972 -8.985143 13.369426
1.437974 -12.341096 19.633188
1.435974 3.623879 -6.289122
1.636983 25.767849 -38.843498
1.474975 -15.933980 26.091066
1.347970 -12.791662 21.170767
1.311968 -28.809126 41.249424
1.301967 -2.660816 4.395370
1.321968 -16.561182 22.377565
1.353970 -20.921570 31.854946
1.435974 -12.436721 18.768183
1.330969 -21.338911 31.502245
1.362970 -21.910763 32.912636
1.393972 -12.664852 19.361134
1.343969 -13.613299 20.868143
1.411973 -9.506722 14.257179
1.434974 -15.536014 23.065800
1.381971 -17.871799 27.070936
1.364970 -14.877200 25.041056
1.347970 -16.247324 24.462696
1.370971 -9.197378 14.957669
1.366970 -13.220846 20.986300
1.370971 -7.132584 11.969893
1.377971 -11.823745 18.569744
1.370971 -16.833921 25.846258
1.383971 -16.709803 25.160276
